node	1	12	13	14	16	19	2	3	4	5	6	7	8	9
root	5.4592521226950524e-11	5.4592521226950524e-11	5.4592521226950524e-11	5.4592521226950524e-11	5.4592521226950524e-11	5.4592521226950524e-11	0.05136943612595488	5.4592521226950524e-11	5.4592521226950524e-11	5.4592521226950524e-11	0.9486305632189346	5.4592521226950524e-11	5.4592521226950524e-11	5.4592521226950524e-11
n0	5.17505655233189e-11	5.17505655233189e-11	5.17505655233189e-11	5.17505655233189e-11	5.17505655233189e-11	5.17505655233189e-11	0.05264548785467966	5.17505655233189e-11	5.17505655233189e-11	5.17505655233189e-11	0.9473545115243134	5.17505655233189e-11	5.17505655233189e-11	5.17505655233189e-11
10529	0.0	0.0	0.0	0.0	0.0	0.0	0.0	0.0	0.0	0.0	1.0	0.0	0.0	0.0
n00	5.232671801631008e-11	5.232671801631008e-11	5.232671801631008e-11	5.232671801631008e-11	5.232671801631008e-11	5.232671801631008e-11	0.042756887051195326	5.232671801631008e-11	5.232671801631008e-11	5.232671801631008e-11	0.9572431123208839	5.232671801631008e-11	5.232671801631008e-11	5.232671801631008e-11
n7	4.985763833332541e-11	4.985763833332541e-11	4.985763833332541e-11	4.985763833332541e-11	4.985763833332541e-11	4.985763833332541e-11	0.06217686506819079	4.985763833332541e-11	4.985763833332541e-11	4.985763833332541e-11	0.9378231343335173	4.985763833332541e-11	4.985763833332541e-11	4.985763833332541e-11
n1	5.2257115068802684e-11	5.2257115068802684e-11	5.2257115068802684e-11	5.2257115068802684e-11	5.2257115068802904e-11	5.2257115068802904e-11	0.03851507696250392	5.2257115068802684e-11	5.2257115068802904e-11	5.2257115068802904e-11	0.9614849224104106	5.2257115068802904e-11	5.2257115068802904e-11	5.2257115068802904e-11
10727	0.0	0.0	0.0	0.0	0.0	0.0	0.0	0.0	0.0	0.0	1.0	0.0	0.0	0.0
n77	4.936455851763296e-11	4.936455851763296e-11	4.936455851763296e-11	4.936455851763296e-11	4.936455851763317e-11	4.936455851763317e-11	0.06760418667400918	4.936455851763296e-11	4.936455851763296e-11	4.936455851763296e-11	0.9323958127336163	4.936455851763296e-11	4.936455851763296e-11	4.936455851763296e-11
9071	0.0	0.0	0.0	0.0	0.0	0.0	0.0	0.0	0.0	0.0	1.0	0.0	0.0	0.0
n11	4.2753080066426295e-11	4.2753080066426295e-11	4.2753080066426295e-11	4.2753080066426295e-11	4.2753080066426295e-11	4.2753080066426295e-11	0.021344920528771034	4.2753080066426295e-11	4.2753080066426295e-11	4.2753080066426295e-11	0.978655078958192	4.2753080066426295e-11	4.2753080066426295e-11	4.2753080066426295e-11
n55	2.407690116369517e-12	2.407690116369517e-12	2.407690116369517e-12	2.407690116369517e-12	2.407690116369517e-12	2.407690116369517e-12	0.0009868494833668749	2.407690116369517e-12	2.407690116369517e-12	2.407690116369517e-12	0.999013150487741	2.407690116369517e-12	2.407690116369517e-12	2.407690116369517e-12
n8	5.5138183256335175e-11	5.5138183256335175e-11	5.5138183256335175e-11	5.5138183256335175e-11	5.5138183256335175e-11	5.5138183256335175e-11	0.10292680752276943	5.5138183256335175e-11	5.5138183256335175e-11	5.5138183256335175e-11	0.8970731918155725	5.5138183256335175e-11	5.5138183256335175e-11	5.5138183256335175e-11
n9	5.033440260684939e-11	5.033440260684939e-11	5.033440260684939e-11	5.033440260684939e-11	5.033440260684939e-11	5.033440260684939e-11	0.06318215996453752	5.033440260684939e-11	5.033440260684939e-11	5.033440260684939e-11	0.9368178394314494	5.033440260684939e-11	5.033440260684939e-11	5.033440260684939e-11
10231	0.0	0.0	0.0	0.0	0.0	0.0	0.0	0.0	0.0	0.0	1.0	0.0	0.0	0.0
n2	1.5756819578834767e-11	1.5756819578834767e-11	1.5756819578834767e-11	1.5756819578834767e-11	1.5756819578834767e-11	1.5756819578834767e-11	0.006718807242023558	1.5756819578834767e-11	1.5756819578834767e-11	1.5756819578834767e-11	0.9932811925688949	1.5756819578834767e-11	1.5756819578834767e-11	1.5756819578834767e-11
n6	5.153840727255902e-13	5.153840727255902e-13	5.153840727255902e-13	5.153840727255902e-13	5.153840727255902e-13	5.153840727255902e-13	0.00020882860246934328	5.153840727255902e-13	5.153840727255902e-13	5.153840727255902e-13	0.9997911713913459	5.153840727255902e-13	5.153840727255902e-13	5.153840727255902e-13
10562	0.0	0.0	0.0	0.0	0.0	0.0	0.0	0.0	0.0	0.0	1.0	0.0	0.0	0.0
n88	2.3505093116355295e-12	2.3505093116355295e-12	2.3505093116355295e-12	2.3505093116355295e-12	2.3505093116355295e-12	2.3505093116355295e-12	0.0012107419237499604	2.3505093116355295e-12	2.3505093116355295e-12	2.3505093116355295e-12	0.998789258048044	2.3505093116355295e-12	2.3505093116355295e-12	2.3505093116355295e-12
9126	0.0	0.0	0.0	0.0	0.0	0.0	1.0	0.0	0.0	0.0	0.0	0.0	0.0	0.0
n99	5.191015357761027e-11	5.191015357761027e-11	5.191015357761027e-11	5.191015357761027e-11	5.191015357761027e-11	5.191015357761027e-11	0.030979412209922074	5.191015357761027e-11	5.191015357761027e-11	5.191015357761027e-11	0.9690205871671561	5.191015357761027e-11	5.191015357761027e-11	5.191015357761027e-11
n1010	5.996660830562447e-12	5.996660830562447e-12	5.996660830562447e-12	5.996660830562447e-12	5.996660830562447e-12	5.996660830562447e-12	0.002711503399459579	5.996660830562447e-12	5.996660830562447e-12	5.996660830562447e-12	0.9972884965285805	5.996660830562447e-12	5.996660830562447e-12	5.996660830562447e-12
n22	5.197478020879235e-12	5.197478020879235e-12	5.197478020879235e-12	5.197478020879235e-12	5.197478020879235e-12	5.197478020879235e-12	0.002137973540299412	5.197478020879235e-12	5.197478020879235e-12	5.197478020879235e-12	0.9978620263973307	5.197478020879235e-12	5.197478020879235e-12	5.197478020879235e-12
10792	0.0	0.0	0.0	0.0	0.0	0.0	0.0	0.0	0.0	0.0	1.0	0.0	0.0	0.0
n66	2.707484458927263e-13	2.707484458927263e-13	2.707484458927263e-13	2.707484458927263e-13	2.707484458927263e-13	2.707484458927263e-13	0.00010554094105013632	2.707484458927263e-13	2.707484458927263e-13	2.707484458927263e-13	0.999894459055701	2.707484458927263e-13	2.707484458927263e-13	2.707484458927263e-13
9343	0.0	0.0	0.0	0.0	0.0	0.0	0.0	0.0	0.0	0.0	1.0	0.0	0.0	0.0
10272	0.0	0.0	0.0	0.0	0.0	0.0	0.0	0.0	0.0	0.0	1.0	0.0	0.0	0.0
9399	0.0	0.0	0.0	0.0	0.0	0.0	0.0	0.0	0.0	0.0	1.0	0.0	0.0	0.0
n10	1.7061343445829523e-12	1.7061343445829523e-12	1.7061343445829523e-12	1.7061343445829523e-12	1.7061343445829523e-12	1.7061343445829523e-12	0.0007181177960767427	1.7061343445829523e-12	1.7061343445829523e-12	1.7061343445829523e-12	0.9992818821834496	1.7061343445829523e-12	1.7061343445829523e-12	1.7061343445829523e-12
10610	0.0	0.0	0.0	0.0	0.0	0.0	0.0	0.0	0.0	0.0	1.0	0.0	0.0	0.0
n1111	4.6854587328680775e-12	4.6854587328680775e-12	4.6854587328680775e-12	4.6854587328680775e-12	4.6854587328680775e-12	4.6854587328680775e-12	0.0020924769285769417	4.6854587328680775e-12	4.6854587328680775e-12	4.6854587328680775e-12	0.9979075230151977	4.6854587328680775e-12	4.6854587328680775e-12	4.6854587328680775e-12
10723	0.0	0.0	0.0	0.0	0.0	0.0	0.0	0.0	0.0	0.0	1.0	0.0	0.0	0.0
n3	9.646122990251208e-13	9.646122990251208e-13	9.646122990251208e-13	9.646122990251208e-13	9.646122990251208e-13	9.646122990251208e-13	0.0003774697956322534	9.646122990251208e-13	9.646122990251208e-13	9.646122990251208e-13	0.9996225301927926	9.646122990251208e-13	9.646122990251208e-13	9.646122990251208e-13
n4	2.4204726305166052e-12	2.4204726305166052e-12	2.4204726305166052e-12	2.4204726305166052e-12	2.4204726305166052e-12	2.4204726305166052e-12	0.0009617650335495946	2.4204726305166052e-12	2.4204726305166052e-12	2.4204726305166052e-12	0.9990382349374048	2.4204726305166052e-12	2.4204726305166052e-12	2.4204726305166052e-12
10268	0.0	0.0	0.0	0.0	0.0	0.0	0.0	0.0	0.0	0.0	1.0	0.0	0.0	0.0
10574	0.0	0.0	0.0	0.0	0.0	0.0	0.0	0.0	0.0	0.0	1.0	0.0	0.0	0.0
10500	0.0	0.0	0.0	0.0	0.0	0.0	0.0	0.0	0.0	0.0	1.0	0.0	0.0	0.0
10702	0.0	0.0	0.0	0.0	0.0	0.0	0.0	0.0	0.0	0.0	1.0	0.0	0.0	0.0
10524	0.0	0.0	0.0	0.0	0.0	0.0	0.0	0.0	0.0	0.0	1.0	0.0	0.0	0.0
n12	2.431676820146329e-12	2.431676820146329e-12	2.431676820146329e-12	2.431676820146329e-12	2.431676820146329e-12	2.431676820146329e-12	0.0009972279966498363	2.431676820146329e-12	2.431676820146329e-12	2.431676820146329e-12	0.9990027719741702	2.431676820146329e-12	2.431676820146329e-12	2.431676820146329e-12
10328	0.0	0.0	0.0	0.0	0.0	0.0	0.0	0.0	0.0	0.0	1.0	0.0	0.0	0.0
n33	5.487494014058171e-13	5.487494014058171e-13	5.487494014058171e-13	5.487494014058171e-13	5.487494014058171e-13	5.487494014058171e-13	0.00021199975130598112	5.487494014058171e-13	5.487494014058171e-13	5.487494014058171e-13	0.9997880002421087	5.487494014058171e-13	5.487494014058171e-13	5.487494014058171e-13
n44	1.2588531693588114e-12	1.2588531693588114e-12	1.2588531693588114e-12	1.2588531693588114e-12	1.2588531693588114e-12	1.2588531693588114e-12	0.0004907789278172726	1.2588531693588114e-12	1.2588531693588114e-12	1.2588531693588114e-12	0.9995092210570763	1.2588531693588114e-12	1.2588531693588114e-12	1.2588531693588114e-12
n5	2.877347185045562e-13	2.877347185045562e-13	2.877347185045562e-13	2.877347185045562e-13	2.877347185045562e-13	2.877347185045562e-13	0.00011109264371888206	2.877347185045562e-13	2.877347185045562e-13	2.877347185045562e-13	0.9998889073528283	2.877347185045562e-13	2.877347185045562e-13	2.877347185045562e-13
10531	0.0	0.0	0.0	0.0	0.0	0.0	0.0	0.0	0.0	0.0	1.0	0.0	0.0	0.0
10771	0.0	0.0	0.0	0.0	0.0	0.0	0.0	0.0	0.0	0.0	1.0	0.0	0.0	0.0
10794	0.0	0.0	0.0	0.0	0.0	0.0	0.0	0.0	0.0	0.0	1.0	0.0	0.0	0.0
10814	0.0	0.0	0.0	0.0	0.0	0.0	0.0	0.0	0.0	0.0	1.0	0.0	0.0	0.0
10588	0.0	0.0	0.0	0.0	0.0	0.0	0.0	0.0	0.0	0.0	1.0	0.0	0.0	0.0
10638	0.0	0.0	0.0	0.0	0.0	0.0	0.0	0.0	0.0	0.0	1.0	0.0	0.0	0.0
10791	0.0	0.0	0.0	0.0	0.0	0.0	0.0	0.0	0.0	0.0	1.0	0.0	0.0	0.0
10795	0.0	0.0	0.0	0.0	0.0	0.0	0.0	0.0	0.0	0.0	1.0	0.0	0.0	0.0
