node	1	15	16	19	2	3	4	5	7	8	9
root	0.9230769222461539	9.999999991000039e-11	9.999999991000039e-11	9.999999991000039e-11	9.999999991000039e-11	0.07692307685384611	9.999999991000039e-11	9.999999991000039e-11	9.999999991000039e-11	9.999999991000039e-11	9.999999991000039e-11
n0	0.9230769222461539	9.999999991000039e-11	9.999999991000039e-11	9.999999991000039e-11	9.999999991000039e-11	0.07692307685384611	9.999999991000039e-11	9.999999991000039e-11	9.999999991000039e-11	9.999999991000039e-11	9.999999991000039e-11
10529	1.0	0.0	0.0	0.0	0.0	0.0	0.0	0.0	0.0	0.0	0.0
n00	0.9230769222461539	9.999999991000039e-11	9.999999991000039e-11	9.999999991000039e-11	9.999999991000039e-11	0.07692307685384611	9.999999991000039e-11	9.999999991000039e-11	9.999999991000039e-11	9.999999991000039e-11	9.999999991000039e-11
n7	0.9230769222461539	9.999999991000039e-11	9.999999991000039e-11	9.999999991000039e-11	9.999999991000039e-11	0.07692307685384611	9.999999991000039e-11	9.999999991000039e-11	9.999999991000039e-11	9.999999991000039e-11	9.999999991000039e-11
n1	0.9230769222461539	9.999999991000039e-11	9.999999991000039e-11	9.999999991000039e-11	9.999999991000039e-11	0.07692307685384611	9.999999991000039e-11	9.999999991000039e-11	9.999999991000039e-11	9.999999991000039e-11	9.999999991000039e-11
10727	1.0	0.0	0.0	0.0	0.0	0.0	0.0	0.0	0.0	0.0	0.0
n77	0.9230769222461539	9.999999991000039e-11	9.999999991000039e-11	9.999999991000039e-11	9.999999991000039e-11	0.07692307685384611	9.999999991000039e-11	9.999999991000039e-11	9.999999991000039e-11	9.999999991000039e-11	9.999999991000039e-11
9071	1.0	0.0	0.0	0.0	0.0	0.0	0.0	0.0	0.0	0.0	0.0
n11	0.9230769222465349	9.999999990950504e-11	9.999999990950504e-11	9.999999990950504e-11	9.999999990950504e-11	0.07692307685346522	9.999999990950504e-11	9.999999990950504e-11	9.999999990950504e-11	9.999999990950504e-11	9.999999990950504e-11
n55	0.8918333302711958	9.573825101767105e-11	9.573825101767105e-11	9.573825101767105e-11	9.573825101767105e-11	0.10816666886716005	9.573825101767105e-11	9.573825101767105e-11	9.573825101767105e-11	9.573825101767105e-11	9.573825101767105e-11
n8	0.9230769222461539	9.999999990999999e-11	9.999999990999999e-11	9.999999990999999e-11	9.999999990999999e-11	0.07692307685384611	9.999999990999999e-11	9.999999990999999e-11	9.999999990999999e-11	9.999999990999999e-11	9.999999990999999e-11
n9	0.9230769222461539	9.999999991000039e-11	9.999999991000039e-11	9.999999991000039e-11	9.999999991000039e-11	0.07692307685384611	9.999999991000039e-11	9.999999991000039e-11	9.999999991000039e-11	9.999999991000039e-11	9.999999991000039e-11
10231	1.0	0.0	0.0	0.0	0.0	0.0	0.0	0.0	0.0	0.0	0.0
n2	0.9230770636484432	9.99998160870259e-11	9.99998160870259e-11	9.99998160870259e-11	9.99998160870259e-11	0.07692293545155837	9.99998160870259e-11	9.99998160870259e-11	9.99998160870259e-11	9.99998160870259e-11	9.99998160870259e-11
n6	0.8232977982416143	8.677816676092003e-11	8.677816676091967e-11	8.677816676091967e-11	8.677816676092003e-11	0.17670220097738243	8.677816676091967e-11	8.677816676091967e-11	8.677816676092003e-11	8.677816676091967e-11	8.677816676092003e-11
10562	1.0	0.0	0.0	0.0	0.0	0.0	0.0	0.0	0.0	0.0	0.0
n88	0.9327695549514341	8.739957754056107e-11	8.739957754056107e-11	8.739957754056107e-11	8.739957754056107e-11	0.06723044426196989	8.739957754056107e-11	8.739957754056107e-11	8.739957754056107e-11	8.739957754056107e-11	8.739957754056107e-11
9126	1.0	0.0	0.0	0.0	0.0	0.0	0.0	0.0	0.0	0.0	0.0
n99	0.9230769222466694	9.999999990933044e-11	9.999999990933044e-11	9.999999990933044e-11	9.999999990933044e-11	0.07692307685333076	9.999999990933044e-11	9.999999990933044e-11	9.999999990933044e-11	9.999999990933044e-11	9.999999990933044e-11
n1010	0.9229927691553907	9.997550874813957e-11	9.997550874813957e-11	9.997550874813957e-11	9.997550874813957e-11	0.07700722994482964	9.997550874813957e-11	9.997550874813957e-11	9.997550874813957e-11	9.997550874813957e-11	9.997550874813957e-11
n22	0.9230895009290663	9.998364762240554e-11	9.998364762240554e-11	9.998364762240554e-11	9.998364762240554e-11	0.076910498171081	9.998364762240554e-11	9.998364762240554e-11	9.998364762240554e-11	9.998364762240554e-11	9.998364762240554e-11
10792	1.0	0.0	0.0	0.0	0.0	0.0	0.0	0.0	0.0	0.0	0.0
n66	0.9250168036502404	8.09922515411935e-11	8.09922515411935e-11	8.09922515411935e-11	8.09922515411935e-11	0.07498319562082946	8.09922515411935e-11	8.09922515411935e-11	8.09922515411935e-11	8.09922515411935e-11	8.09922515411935e-11
9343	0.0	0.0	0.0	0.0	0.0	1.0	0.0	0.0	0.0	0.0	0.0
10272	1.0	0.0	0.0	0.0	0.0	0.0	0.0	0.0	0.0	0.0	0.0
9399	1.0	0.0	0.0	0.0	0.0	0.0	0.0	0.0	0.0	0.0	0.0
n10	0.9373668217465173	8.142313077687685e-11	8.142313077687685e-11	8.142313077687685e-11	8.142313077687685e-11	0.06263317752067449	8.142313077687685e-11	8.142313077687685e-11	8.142313077687685e-11	8.142313077687685e-11	8.142313077687685e-11
10610	1.0	0.0	0.0	0.0	0.0	0.0	0.0	0.0	0.0	0.0	0.0
n1111	0.9229102729811625	9.995493762302483e-11	9.995493762302483e-11	9.995493762302483e-11	9.995493762302483e-11	0.07708972611924311	9.995493762302483e-11	9.995493762302483e-11	9.995493762302483e-11	9.995493762302483e-11	9.995493762302483e-11
10723	1.0	0.0	0.0	0.0	0.0	0.0	0.0	0.0	0.0	0.0	0.0
n3	0.9294576488776058	9.17050553861637e-11	9.17050553861637e-11	9.17050553861637e-11	9.17050553861637e-11	0.0705423502970487	9.17050553861637e-11	9.17050553861637e-11	9.17050553861637e-11	9.17050553861637e-11	9.17050553861637e-11
n4	0.9232143612400661	9.982132922000493e-11	9.982132922000493e-11	9.982132922000493e-11	9.982132922000533e-11	0.07678563786154222	9.982132922000493e-11	9.982132922000493e-11	9.982132922000493e-11	9.982132922000493e-11	9.982132922000533e-11
10268	1.0	0.0	0.0	0.0	0.0	0.0	0.0	0.0	0.0	0.0	0.0
10574	1.0	0.0	0.0	0.0	0.0	0.0	0.0	0.0	0.0	0.0	0.0
10500	1.0	0.0	0.0	0.0	0.0	0.0	0.0	0.0	0.0	0.0	0.0
10702	1.0	0.0	0.0	0.0	0.0	0.0	0.0	0.0	0.0	0.0	0.0
10524	1.0	0.0	0.0	0.0	0.0	0.0	0.0	0.0	0.0	0.0	0.0
n12	0.9136478106232134	9.876783963156116e-11	9.876783963156116e-11	9.876783963156116e-11	9.876783963156116e-11	0.08635218848787624	9.876783963156116e-11	9.876783963156116e-11	9.876783963156116e-11	9.876783963156116e-11	9.876783963156116e-11
10328	1.0	0.0	0.0	0.0	0.0	0.0	0.0	0.0	0.0	0.0	0.0
n33	0.9294919190477163	9.166050416554105e-11	9.166050416554105e-11	9.166050416554105e-11	9.166050416554105e-11	0.07050808012733924	9.166050416554105e-11	9.166050416554105e-11	9.166050416554105e-11	9.166050416554105e-11	9.166050416554105e-11
n44	0.925075888782465	9.740134344319992e-11	9.740134344319992e-11	9.740134344319992e-11	9.740134344319992e-11	0.07492411034092299	9.740134344319992e-11	9.740134344319992e-11	9.740134344319992e-11	9.740134344319992e-11	9.740134344319992e-11
n5	0.9520689306620125	6.231038941035232e-11	6.231038941035232e-11	6.231038941035232e-11	6.231038941035232e-11	0.04793106877719407	6.231038941035232e-11	6.231038941035232e-11	6.231038941035232e-11	6.231038941035232e-11	6.231038941035232e-11
10531	0.0	0.0	0.0	0.0	0.0	1.0	0.0	0.0	0.0	0.0	0.0
10771	1.0	0.0	0.0	0.0	0.0	0.0	0.0	0.0	0.0	0.0	0.0
10794	1.0	0.0	0.0	0.0	0.0	0.0	0.0	0.0	0.0	0.0	0.0
10814	1.0	0.0	0.0	0.0	0.0	0.0	0.0	0.0	0.0	0.0	0.0
10588	1.0	0.0	0.0	0.0	0.0	0.0	0.0	0.0	0.0	0.0	0.0
10638	1.0	0.0	0.0	0.0	0.0	0.0	0.0	0.0	0.0	0.0	0.0
10791	1.0	0.0	0.0	0.0	0.0	0.0	0.0	0.0	0.0	0.0	0.0
10795	1.0	0.0	0.0	0.0	0.0	0.0	0.0	0.0	0.0	0.0	0.0
