node	1	10	11	13	14	15	16	17	18	19	2	20	3	4	5	6	7	8
root	0.11312668515956328	9.531844054693503e-11	9.531844054693503e-11	9.531844054693503e-11	9.531844054693503e-11	9.531844054693503e-11	9.531844054693503e-11	9.531844054693503e-11	9.531844054693503e-11	9.531844054693503e-11	0.11411704175600768	9.531844054693503e-11	0.2755271473487826	9.531844054693503e-11	9.531844054693503e-11	0.49722912440118827	9.531844054693503e-11	9.531844054693503e-11
n0	0.11288251219771242	9.470213159081064e-11	9.470213159081064e-11	9.470213159081064e-11	9.470213159081064e-11	9.470213159081064e-11	9.470213159081064e-11	9.470213159081064e-11	9.470213159081064e-11	9.470213159081064e-11	0.1140199645292898	9.470213159081064e-11	0.27667511981860105	9.470213159081064e-11	9.470213159081064e-11	0.49642240212856686	9.470213159081064e-11	9.470213159081064e-11
10529	0.0	0.0	0.0	0.0	0.0	0.0	0.0	0.0	0.0	0.0	0.0	0.0	0.0	0.0	0.0	1.0	0.0	0.0
n00	0.11531138677347544	9.459576567287612e-11	9.459576567287612e-11	9.459576567287612e-11	9.459576567287612e-11	9.459576567287612e-11	9.459576567287612e-11	9.459576567287612e-11	9.459576567287612e-11	9.459576567287612e-11	0.11725262520864264	9.459576567287612e-11	0.2715871423837282	9.459576567287612e-11	9.459576567287612e-11	0.4958488443098129	9.459576567287612e-11	9.459576567287612e-11
n7	0.11083282353290205	9.398589643130265e-11	9.398589643130265e-11	9.398589643130265e-11	9.398589643130265e-11	9.398589643130265e-11	9.398589643130265e-11	9.398589643130265e-11	9.398589643130265e-11	9.398589643130265e-11	0.11158493315397698	9.398589643130265e-11	0.2824262332128784	9.398589643130265e-11	9.398589643130265e-11	0.49515600878444005	9.398589643130265e-11	9.398589643130265e-11
n1	0.11690414347108662	9.416485929347562e-11	9.416485929347562e-11	9.416485929347562e-11	9.416485929347562e-11	9.416485929347562e-11	9.416485929347562e-11	9.416485929347562e-11	9.416485929347562e-11	9.416485929347562e-11	0.11950374330069463	9.416485929347562e-11	0.2672194602194966	9.416485929347562e-11	9.416485929347562e-11	0.49637265169041417	9.416485929347562e-11	9.416485929347562e-11
10727	0.0	0.0	0.0	0.0	0.0	0.0	0.0	0.0	0.0	0.0	0.0	0.0	1.0	0.0	0.0	0.0	0.0	0.0
n77	0.11008680586128441	9.367910795549087e-11	9.367910795549087e-11	9.367910795549087e-11	9.367910795549087e-11	9.367910795549087e-11	9.367910795549087e-11	9.367910795549087e-11	9.367910795549087e-11	9.367910795549087e-11	0.1107154210116443	9.367910795549087e-11	0.2833061701602288	9.367910795549087e-11	9.367910795549087e-11	0.49589160165533497	9.367910795549087e-11	9.367910795549087e-11
9071	0.0	0.0	0.0	0.0	0.0	0.0	0.0	0.0	0.0	0.0	0.0	0.0	1.0	0.0	0.0	0.0	0.0	0.0
n11	0.14303368901237742	8.51192539905509e-11	8.51192539905509e-11	8.51192539905509e-11	8.51192539905509e-11	8.51192539905509e-11	8.51192539905509e-11	8.51192539905509e-11	8.51192539905509e-11	8.51192539905509e-11	0.1571522651518676	8.51192539905509e-11	0.24459721675225782	8.51192539905509e-11	8.51192539905509e-11	0.45521682789182755	8.51192539905509e-11	8.51192539905509e-11
n55	0.006634704962270888	5.743531635860166e-12	5.743531635860166e-12	5.743531635860166e-12	5.743531635860166e-12	5.743531635860166e-12	5.743531635860166e-12	5.743531635860166e-12	5.743531635860166e-12	5.743531635860166e-12	0.006637084271666354	5.743531635860166e-12	0.015475892261037983	5.743531635860166e-12	5.743531635860166e-12	0.9712523184246152	5.743531635860166e-12	5.743531635860166e-12
n8	0.10943397313575029	9.394164061898207e-11	9.394164061898207e-11	9.394164061898207e-11	9.394164061898207e-11	9.394164061898207e-11	9.394164061898207e-11	9.394164061898207e-11	9.394164061898207e-11	9.394164061898207e-11	0.10976151395546957	9.394164061898207e-11	0.2829863111414454	9.394164061898207e-11	9.394164061898207e-11	0.4978182004521519	9.394164061898207e-11	9.394164061898207e-11
n9	0.110003032905825	9.385810949722977e-11	9.385810949722977e-11	9.385810949722977e-11	9.385810949722977e-11	9.385810949722977e-11	9.385810949722977e-11	9.385810949722977e-11	9.385810949722977e-11	9.385810949722977e-11	0.11054019590742717	9.385810949722977e-11	0.2830049336702782	9.385810949722977e-11	9.385810949722977e-11	0.49645183620245614	9.385810949722977e-11	9.385810949722977e-11
10231	0.0	0.0	0.0	0.0	0.0	0.0	0.0	0.0	0.0	0.0	1.0	0.0	0.0	0.0	0.0	0.0	0.0	0.0
n2	0.27346030534545684	5.3377972966747256e-11	5.3377972966747256e-11	5.3377972966747256e-11	5.3377972966747256e-11	5.3377972966747256e-11	5.3377972966747256e-11	5.3377972966747256e-11	5.3377972966747256e-11	5.3377972966747256e-11	0.12837293079386242	5.3377972966747256e-11	0.20775033842863044	5.3377972966747256e-11	5.3377972966747256e-11	0.39041642468475857	5.3377972966747256e-11	5.3377972966747256e-11
n6	0.0015653209530223254	1.3553896123009107e-12	1.3553896123009107e-12	1.3553896123009107e-12	1.3553896123009107e-12	1.3553896123009107e-12	1.3553896123009107e-12	1.3553896123009107e-12	1.3553896123009107e-12	1.3553896123009107e-12	0.0015657650764812514	1.3553896123009107e-12	0.003651466203880038	1.3553896123009107e-12	1.3553896123009107e-12	0.9932174477476409	1.3553896123009107e-12	1.3553896123009107e-12
10562	0.0	0.0	0.0	0.0	0.0	0.0	0.0	0.0	0.0	0.0	0.0	0.0	0.0	0.0	0.0	1.0	0.0	0.0
n88	0.006135210067700932	5.31617646330427e-12	5.31617646330427e-12	5.31617646330427e-12	5.31617646330427e-12	5.31617646330427e-12	5.31617646330427e-12	5.31617646330427e-12	5.31617646330427e-12	5.31617646330427e-12	0.0061355755768978965	5.31617646330427e-12	0.014346334590880853	5.31617646330427e-12	5.31617646330427e-12	0.9733828796900938	5.31617646330427e-12	5.31617646330427e-12
9126	0.0	0.0	0.0	0.0	0.0	0.0	0.0	0.0	0.0	0.0	0.0	0.0	1.0	0.0	0.0	0.0	0.0	0.0
n99	0.10305966946677696	8.913454560717792e-11	8.913454560717792e-11	8.913454560717792e-11	8.913454560717866e-11	8.913454560717866e-11	8.913454560717866e-11	8.913454560717792e-11	8.913454560717792e-11	8.913454560717792e-11	0.10312648882381027	8.913454560717792e-11	0.28995422209393795	8.913454560717866e-11	8.913454560717866e-11	0.5038596183675911	8.913454560717792e-11	8.913454560717792e-11
n1010	0.03292174413193347	2.8523974028884538e-11	2.8523974028884538e-11	2.8523974028884538e-11	2.8523974028884538e-11	2.8523974028884538e-11	2.8523974028884538e-11	2.8523974028884538e-11	2.8523974028884538e-11	2.8523974028884538e-11	0.03292472616378416	2.8523974028884538e-11	0.4650881040143497	2.8523974028884538e-11	2.8523974028884538e-11	0.469065425290597	2.8523974028884538e-11	2.8523974028884538e-11
n22	0.4159745592381159	3.181756466963289e-11	3.181756466963289e-11	3.181756466963289e-11	3.181756466963289e-11	3.181756466963289e-11	3.181756466963289e-11	3.181756466963289e-11	3.181756466963289e-11	3.181756466963289e-11	0.144132228540711	3.181756466963289e-11	0.19985598640978824	3.181756466963289e-11	3.181756466963289e-11	0.240037225365939	3.181756466963289e-11	3.181756466963289e-11
10792	0.0	0.0	0.0	0.0	0.0	0.0	0.0	0.0	0.0	0.0	0.0	0.0	0.0	0.0	0.0	1.0	0.0	0.0
n66	0.0007801541718070455	6.759635811362807e-13	6.759635811362807e-13	6.759635811362807e-13	6.759635811362807e-13	6.759635811362807e-13	6.759635811362807e-13	6.759635811362807e-13	6.759635811362807e-13	6.759635811362807e-13	0.0007802159751424172	6.759635811362807e-13	0.0018202276241211326	6.759635811362807e-13	6.759635811362807e-13	0.9966194022194659	6.759635811362807e-13	6.759635811362807e-13
9343	0.0	0.0	0.0	0.0	0.0	0.0	0.0	0.0	0.0	0.0	0.0	0.0	0.0	0.0	0.0	1.0	0.0	0.0
10272	0.0	0.0	0.0	0.0	0.0	0.0	0.0	0.0	0.0	0.0	0.0	0.0	0.0	0.0	0.0	1.0	0.0	0.0
9399	0.0	0.0	0.0	0.0	0.0	0.0	0.0	0.0	0.0	0.0	0.0	0.0	0.0	0.0	0.0	1.0	0.0	0.0
n10	0.004584204525864257	3.972503974013116e-12	3.972503974013116e-12	3.972503974013116e-12	3.972503974013116e-12	3.972503974013116e-12	3.972503974013116e-12	3.972503974013116e-12	3.972503974013116e-12	3.972503974013116e-12	0.00458437655214082	3.972503974013116e-12	0.010823867643608587	3.972503974013116e-12	3.972503974013116e-12	0.9800075512227713	3.972503974013116e-12	3.972503974013116e-12
10610	0.0	0.0	0.0	0.0	0.0	0.0	0.0	0.0	0.0	0.0	0.0	0.0	1.0	0.0	0.0	0.0	0.0	0.0
n1111	0.02920950701572748	2.5308357981894448e-11	2.5308357981894448e-11	2.5308357981894448e-11	2.5308357981894654e-11	2.5308357981894448e-11	2.5308357981894448e-11	2.5308357981894448e-11	2.5308357981894654e-11	2.5308357981894448e-11	0.029211887088528444	2.5308357981894448e-11	0.4996813911632109	2.5308357981894654e-11	2.5308357981894654e-11	0.4418972143782162	2.5308357981894654e-11	2.5308357981894448e-11
10723	0.0	0.0	0.0	0.0	0.0	0.0	0.0	0.0	0.0	0.0	0.0	0.0	0.0	0.0	0.0	1.0	0.0	0.0
n3	0.0620181275974056	1.4219147328073078e-11	1.4219147328073078e-11	1.4219147328073078e-11	1.4219147328073078e-11	1.4219147328073078e-11	1.4219147328073078e-11	1.4219147328073078e-11	1.4219147328073078e-11	1.4219147328073078e-11	0.39511840120273106	1.4219147328073078e-11	0.46203246624905325	1.4219147328073078e-11	1.4219147328073078e-11	0.08083100475174204	1.4219147328073078e-11	1.4219147328073078e-11
n4	0.7396404285595733	1.3198083671305199e-11	1.3198083671305199e-11	1.3198083671305199e-11	1.3198083671305199e-11	1.3198083671305199e-11	1.3198083671305199e-11	1.3198083671305199e-11	1.3198083671305199e-11	1.3198083671305199e-11	0.038556769673261576	1.3198083671305199e-11	0.060332541943100844	1.3198083671305199e-11	1.3198083671305307e-11	0.16147025963929112	1.3198083671305199e-11	1.3198083671305199e-11
10268	0.0	0.0	0.0	0.0	0.0	0.0	0.0	0.0	0.0	0.0	0.0	0.0	0.0	0.0	0.0	1.0	0.0	0.0
10574	0.0	0.0	0.0	0.0	0.0	0.0	0.0	0.0	0.0	0.0	0.0	0.0	0.0	0.0	0.0	1.0	0.0	0.0
10500	0.0	0.0	0.0	0.0	0.0	0.0	0.0	0.0	0.0	0.0	0.0	0.0	0.0	0.0	0.0	1.0	0.0	0.0
10702	0.0	0.0	0.0	0.0	0.0	0.0	0.0	0.0	0.0	0.0	0.0	0.0	0.0	0.0	0.0	1.0	0.0	0.0
10524	0.0	0.0	0.0	0.0	0.0	0.0	0.0	0.0	0.0	0.0	0.0	0.0	1.0	0.0	0.0	0.0	0.0	0.0
n12	0.021050142936571866	1.8241232301127974e-11	1.8241232301127974e-11	1.8241232301127974e-11	1.8241232301128123e-11	1.8241232301127974e-11	1.8241232301127974e-11	1.8241232301127974e-11	1.8241232301128123e-11	1.8241232301127974e-11	0.02105095163686936	1.8241232301127974e-11	0.4713823098694449	1.8241232301128123e-11	1.8241232301128123e-11	0.48651659530173663	1.8241232301128123e-11	1.8241232301127974e-11
10328	0.0	0.0	0.0	0.0	0.0	0.0	0.0	0.0	0.0	0.0	0.0	0.0	1.0	0.0	0.0	0.0	0.0	0.0
n33	0.0046684751772664	1.9333271744334764e-12	1.9333271744334764e-12	1.9333271744334764e-12	1.9333271744334764e-12	1.9333271744334764e-12	1.9333271744334764e-12	1.9333271744334764e-12	1.9333271744334764e-12	1.9333271744334764e-12	0.9572920470829906	1.9333271744334764e-12	0.02785253814035599	1.9333271744334764e-12	1.9333271744334764e-12	0.010186939572320444	1.9333271744334764e-12	1.9333271744334764e-12
n44	0.7398069379746315	9.387719776644405e-12	9.387719776644405e-12	9.387719776644405e-12	9.387719776644405e-12	9.387719776644405e-12	9.387719776644405e-12	9.387719776644405e-12	9.387719776644405e-12	9.387719776644405e-12	0.01989779868774133	9.387719776644405e-12	0.03491211576055112	9.387719776644405e-12	9.387719776644405e-12	0.20538314744564795	9.387719776644405e-12	9.387719776644405e-12
n5	0.9978593458268841	1.896950036910833e-13	1.896950036910833e-13	1.896950036910833e-13	1.896950036910833e-13	1.896950036910833e-13	1.896950036910833e-13	1.896950036910833e-13	1.896950036910833e-13	1.896950036910833e-13	0.0002940229014634909	1.896950036910833e-13	0.0005905997951446275	1.896950036910833e-13	1.896950036910833e-13	0.0012560314738519936	1.896950036910833e-13	1.896950036910833e-13
10531	0.0	0.0	0.0	0.0	0.0	0.0	0.0	0.0	0.0	0.0	0.0	0.0	0.0	0.0	0.0	1.0	0.0	0.0
10771	0.0	0.0	0.0	0.0	0.0	0.0	0.0	0.0	0.0	0.0	0.0	0.0	1.0	0.0	0.0	0.0	0.0	0.0
10794	0.0	0.0	0.0	0.0	0.0	0.0	0.0	0.0	0.0	0.0	1.0	0.0	0.0	0.0	0.0	0.0	0.0	0.0
10814	0.0	0.0	0.0	0.0	0.0	0.0	0.0	0.0	0.0	0.0	1.0	0.0	0.0	0.0	0.0	0.0	0.0	0.0
10588	0.0	0.0	0.0	0.0	0.0	0.0	0.0	0.0	0.0	0.0	0.0	0.0	0.0	0.0	0.0	1.0	0.0	0.0
10638	1.0	0.0	0.0	0.0	0.0	0.0	0.0	0.0	0.0	0.0	0.0	0.0	0.0	0.0	0.0	0.0	0.0	0.0
10791	1.0	0.0	0.0	0.0	0.0	0.0	0.0	0.0	0.0	0.0	0.0	0.0	0.0	0.0	0.0	0.0	0.0	0.0
10795	1.0	0.0	0.0	0.0	0.0	0.0	0.0	0.0	0.0	0.0	0.0	0.0	0.0	0.0	0.0	0.0	0.0	0.0
