# BLASTN 2.14.1+
# Query: FA1090_opa_1/598-732 <unknown description>
# Database: blastdb/gc
# Fields: query acc.ver, subject acc.ver, % identity, alignment length, mismatches, gap opens, q. start, q. end, s. start, s. end, evalue, bit score
# 486 hits found
FA1090_opa_1/598-732	Y92-1009	91.791	134	11	0	2	135	732964	732831	1.61e-46	187
FA1090_opa_1/598-732	M17106	91.791	134	11	0	2	135	155341	155208	1.61e-46	187
FA1090_opa_1/598-732	M17106	91.791	134	11	0	2	135	594388	594255	1.61e-46	187
FA1090_opa_1/598-732	020-06	91.045	134	12	0	2	135	1907215	1907348	7.51e-45	182
FA1090_opa_1/598-732	020-06	90.299	134	13	0	2	135	1471750	1471883	3.49e-43	176
FA1090_opa_1/598-732	NCTC10617	90.299	134	13	0	2	135	328541	328408	3.49e-43	176
FA1090_opa_1/598-732	NCTC10617	90.299	134	13	0	2	135	1437166	1437033	3.49e-43	176
FA1090_opa_1/598-732	ATCC13120	90.299	134	13	0	2	135	88917	89050	3.49e-43	176
FA1090_opa_1/598-732	ATCC13120	91.453	117	10	0	19	135	1012388	1012504	9.78e-39	161
FA1090_opa_1/598-732	M18661	89.552	134	14	0	2	135	1847798	1847665	1.63e-41	171
FA1090_opa_1/598-732	Marseille-Q6792	89.147	129	14	0	7	135	1943698	1943570	9.78e-39	161
FA1090_opa_1/598-732	Marseille-Q6792	91.262	103	9	0	33	135	666902	667004	1.27e-32	141
FA1090_opa_1/598-732	NCTC12163	93.137	102	7	0	34	135	1107478	1107377	2.12e-35	150
FA1090_opa_1/598-732	NCTC12163	92.157	102	8	0	34	135	574282	574181	9.85e-34	145
FA1090_opa_1/598-732	NCTC12163	91.176	102	9	0	34	135	1950135	1950034	4.58e-32	139
FA1090_opa_1/598-732	NCTC12163	86.325	117	16	0	19	135	1328639	1328755	9.92e-29	128
FA1090_opa_1/598-732	M25070	89.744	117	12	0	19	135	360090	360206	2.12e-35	150
FA1090_opa_1/598-732	M25070	90.291	103	10	0	33	135	540386	540488	5.93e-31	135
FA1090_opa_1/598-732	M25070	90.196	102	10	0	34	135	187834	187733	2.13e-30	134
FA1090_opa_1/598-732	M25070	90.196	102	10	0	34	135	1854126	1854025	2.13e-30	134
FA1090_opa_1/598-732	M24705	93.137	102	7	0	34	135	1029970	1029869	2.12e-35	150
FA1090_opa_1/598-732	M24705	91.176	102	9	0	34	135	857516	857415	4.58e-32	139
FA1090_opa_1/598-732	M24705	87.179	117	15	0	19	135	1205296	1205412	2.13e-30	134
FA1090_opa_1/598-732	M24705	87.179	117	15	0	19	135	1745927	1746043	2.13e-30	134
FA1090_opa_1/598-732	M22828	93.137	102	7	0	34	135	926509	926408	2.12e-35	150
FA1090_opa_1/598-732	M22828	90.196	102	10	0	34	135	755140	755039	2.13e-30	134
FA1090_opa_1/598-732	M22828	87.179	117	15	0	19	135	1101719	1101835	2.13e-30	134
FA1090_opa_1/598-732	M22828	87.179	117	15	0	19	135	1640587	1640703	2.13e-30	134
FA1090_opa_1/598-732	M22822	93.137	102	7	0	34	135	51532	51431	2.12e-35	150
FA1090_opa_1/598-732	M22822	87.179	117	15	0	19	135	226833	226949	2.13e-30	134
FA1090_opa_1/598-732	M22822	87.179	117	15	0	19	135	765667	765783	2.13e-30	134
FA1090_opa_1/598-732	M22822	90.196	102	10	0	34	135	2053213	2053112	2.13e-30	134
FA1090_opa_1/598-732	M22819	89.744	117	12	0	19	135	2132596	2132712	2.12e-35	150
FA1090_opa_1/598-732	M22819	88.034	117	14	0	19	135	130217	130333	4.58e-32	139
FA1090_opa_1/598-732	M22819	90.196	102	10	0	34	135	1417793	1417692	2.13e-30	134
FA1090_opa_1/598-732	M22819	90.196	102	10	0	34	135	1958507	1958406	2.13e-30	134
FA1090_opa_1/598-732	M22811	89.744	117	12	0	19	135	1732545	1732661	2.12e-35	150
FA1090_opa_1/598-732	M22811	88.034	117	14	0	19	135	1903842	1903958	4.58e-32	139
FA1090_opa_1/598-732	M22811	90.196	102	10	0	34	135	1015343	1015242	2.13e-30	134
FA1090_opa_1/598-732	M22811	90.196	102	10	0	34	135	1556949	1556848	2.13e-30	134
FA1090_opa_1/598-732	M22809	89.744	117	12	0	19	135	1117495	1117611	2.12e-35	150
FA1090_opa_1/598-732	M22809	91.176	102	9	0	34	135	399344	399243	4.58e-32	139
FA1090_opa_1/598-732	M22809	90.196	102	10	0	34	135	941805	941704	2.13e-30	134
FA1090_opa_1/598-732	M22809	87.179	117	15	0	19	135	1288844	1288960	2.13e-30	134
FA1090_opa_1/598-732	M22804	93.137	102	7	0	34	135	152125	152024	2.12e-35	150
FA1090_opa_1/598-732	M22804	91.176	102	9	0	34	135	2155807	2155706	4.58e-32	139
FA1090_opa_1/598-732	M22804	87.179	117	15	0	19	135	866818	866934	2.13e-30	134
FA1090_opa_1/598-732	M22804	86.325	117	16	0	19	135	327757	327873	9.92e-29	128
FA1090_opa_1/598-732	M22790	89.744	117	12	0	19	135	1541346	1541462	2.12e-35	150
FA1090_opa_1/598-732	M22790	90.196	102	10	0	34	135	835157	835056	2.13e-30	134
FA1090_opa_1/598-732	M22790	90.196	102	10	0	34	135	1374913	1374812	2.13e-30	134
FA1090_opa_1/598-732	M22790	87.179	117	15	0	19	135	1712688	1712804	2.13e-30	134
FA1090_opa_1/598-732	M22783	89.744	117	12	0	19	135	1179600	1179716	2.12e-35	150
FA1090_opa_1/598-732	M22783	91.176	102	9	0	34	135	462447	462346	4.58e-32	139
FA1090_opa_1/598-732	M22783	88.034	117	14	0	19	135	1350902	1351018	4.58e-32	139
FA1090_opa_1/598-732	M22783	90.196	102	10	0	34	135	1004002	1003901	2.13e-30	134
FA1090_opa_1/598-732	FDAARGOS_214	93.137	102	7	0	34	135	2275177	2275076	2.12e-35	150
FA1090_opa_1/598-732	FDAARGOS_214	88.034	117	14	0	19	135	64901	65017	4.58e-32	139
FA1090_opa_1/598-732	FDAARGOS_214	86.325	117	16	0	19	135	198386	198502	9.92e-29	128
FA1090_opa_1/598-732	DE10444	89.744	117	12	0	19	135	802970	803086	2.12e-35	150
FA1090_opa_1/598-732	DE10444	88.889	117	13	0	19	135	1333790	1333906	9.85e-34	145
FA1090_opa_1/598-732	DE10444	90.196	102	10	0	34	135	463211	463110	2.13e-30	134
FA1090_opa_1/598-732	DE10444	90.196	102	10	0	34	135	629904	629803	2.13e-30	134
FA1090_opa_1/598-732	09-292	93.137	102	7	0	34	135	1101586	1101485	2.12e-35	150
FA1090_opa_1/598-732	09-292	92.157	102	8	0	34	135	565605	565504	9.85e-34	145
FA1090_opa_1/598-732	09-292	88.034	117	14	0	19	135	1275697	1275813	4.58e-32	139
FA1090_opa_1/598-732	09-292	88.034	117	14	0	19	135	1445261	1445377	4.58e-32	139
FA1090_opa_1/598-732	Z2491	88.889	117	13	0	19	135	1815933	1816049	9.85e-34	145
FA1090_opa_1/598-732	Z2491	88.034	117	14	0	19	135	1986155	1986271	4.58e-32	139
FA1090_opa_1/598-732	Z2491	90.196	102	10	0	34	135	1599670	1599569	2.13e-30	134
FA1090_opa_1/598-732	WUE2121	92.157	102	8	0	34	135	895471	895370	9.85e-34	145
FA1090_opa_1/598-732	WUE2121	88.034	117	14	0	19	135	1604692	1604808	4.58e-32	139
FA1090_opa_1/598-732	WUE2121	89.216	102	11	0	34	135	1433218	1433117	9.92e-29	128
FA1090_opa_1/598-732	S4	92.157	102	8	0	34	135	579474	579373	9.85e-34	145
FA1090_opa_1/598-732	S4	88.034	117	14	0	19	135	1279353	1279469	4.58e-32	139
FA1090_opa_1/598-732	S4	88.034	117	14	0	19	135	1461335	1461451	4.58e-32	139
FA1090_opa_1/598-732	S4	89.216	102	11	0	34	135	1103749	1103648	9.92e-29	128
FA1090_opa_1/598-732	NZ-05_33	88.889	117	13	0	19	135	1721898	1722014	9.85e-34	145
FA1090_opa_1/598-732	NZ-05_33	91.176	102	9	0	34	135	1528997	1528896	4.58e-32	139
FA1090_opa_1/598-732	NM3683	92.157	102	8	0	34	135	846406	846305	9.85e-34	145
FA1090_opa_1/598-732	NM3683	88.034	117	14	0	19	135	1535725	1535841	4.58e-32	139
FA1090_opa_1/598-732	NM3683	88.034	117	14	0	19	135	1715732	1715848	4.58e-32	139
FA1090_opa_1/598-732	NM3683	89.216	102	11	0	34	135	1362945	1362844	9.92e-29	128
FA1090_opa_1/598-732	NM3682	92.157	102	8	0	34	135	976189	976088	9.85e-34	145
FA1090_opa_1/598-732	NM3682	88.034	117	14	0	19	135	1665484	1665600	4.58e-32	139
FA1090_opa_1/598-732	NM3682	91.176	102	9	0	34	135	2166387	2166286	4.58e-32	139
FA1090_opa_1/598-732	NM3682	89.216	102	11	0	34	135	1492706	1492605	9.92e-29	128
FA1090_opa_1/598-732	NIID777	88.889	117	13	0	19	135	1656729	1656845	9.85e-34	145
FA1090_opa_1/598-732	NIID777	91.176	102	9	0	34	135	773044	772943	4.58e-32	139
FA1090_opa_1/598-732	NIID777	91.176	102	9	0	34	135	946435	946334	4.58e-32	139
FA1090_opa_1/598-732	NIID777	88.034	117	14	0	19	135	1114223	1114339	4.58e-32	139
FA1090_opa_1/598-732	M27477	92.157	102	8	0	34	135	1922672	1922571	9.85e-34	145
FA1090_opa_1/598-732	M27477	88.034	117	14	0	19	135	419090	419206	4.58e-32	139
FA1090_opa_1/598-732	M27477	88.034	117	14	0	19	135	601121	601237	4.58e-32	139
FA1090_opa_1/598-732	M27477	89.216	102	11	0	34	135	234549	234448	9.92e-29	128
FA1090_opa_1/598-732	M26417	92.157	102	8	0	34	135	987039	986938	9.85e-34	145
FA1090_opa_1/598-732	M26417	88.034	117	14	0	19	135	1671107	1671223	4.58e-32	139
FA1090_opa_1/598-732	M26417	88.034	117	14	0	19	135	1853053	1853169	4.58e-32	139
FA1090_opa_1/598-732	M26417	89.216	102	11	0	34	135	1496290	1496189	9.92e-29	128
FA1090_opa_1/598-732	M26263	92.157	102	8	0	34	135	447023	446922	9.85e-34	145
FA1090_opa_1/598-732	M26263	88.034	117	14	0	19	135	1131085	1131201	4.58e-32	139
FA1090_opa_1/598-732	M26263	88.034	117	14	0	19	135	1313030	1313146	4.58e-32	139
FA1090_opa_1/598-732	M26263	89.216	102	11	0	34	135	956269	956168	9.92e-29	128
FA1090_opa_1/598-732	M25964	92.157	102	8	0	34	135	1625292	1625191	9.85e-34	145
FA1090_opa_1/598-732	M25964	88.034	117	14	0	19	135	118153	118269	4.58e-32	139
FA1090_opa_1/598-732	M25964	89.216	102	11	0	34	135	2127316	2127215	9.92e-29	128
FA1090_opa_1/598-732	M23347	88.889	117	13	0	19	135	170184	170300	9.85e-34	145
FA1090_opa_1/598-732	M23347	92.157	102	8	0	34	135	1497296	1497195	9.85e-34	145
FA1090_opa_1/598-732	M23347	92.157	102	8	0	34	135	2039028	2038927	9.85e-34	145
FA1090_opa_1/598-732	M22814	92.157	102	8	0	34	135	1136517	1136416	9.85e-34	145
FA1090_opa_1/598-732	M22814	91.176	102	9	0	34	135	2119622	2119521	4.58e-32	139
FA1090_opa_1/598-732	M22814	90.196	102	10	0	34	135	1309571	1309470	2.13e-30	134
FA1090_opa_1/598-732	M21717	88.889	117	13	0	19	135	1630848	1630964	9.85e-34	145
FA1090_opa_1/598-732	M21717	91.176	102	9	0	34	135	772020	771919	4.58e-32	139
FA1090_opa_1/598-732	M21717	86.325	117	16	0	19	135	1129089	1129205	9.92e-29	128
FA1090_opa_1/598-732	M21374	88.889	117	13	0	19	135	219501	219617	9.85e-34	145
FA1090_opa_1/598-732	M21374	91.176	102	9	0	34	135	1547463	1547362	4.58e-32	139
FA1090_opa_1/598-732	M21374	90.196	102	10	0	34	135	1728645	1728544	2.13e-30	134
FA1090_opa_1/598-732	M21374	86.325	117	16	0	19	135	1903418	1903534	9.92e-29	128
FA1090_opa_1/598-732	M21273	88.889	117	13	0	19	135	1288526	1288642	9.85e-34	145
FA1090_opa_1/598-732	M21273	91.176	102	9	0	34	135	413833	413732	4.58e-32	139
FA1090_opa_1/598-732	M21273	91.176	102	9	0	34	135	596182	596081	4.58e-32	139
FA1090_opa_1/598-732	M21273	86.325	117	16	0	19	135	771450	771566	9.92e-29	128
FA1090_opa_1/598-732	M0579	92.157	102	8	0	34	135	220690	220589	9.85e-34	145
FA1090_opa_1/598-732	M0579	88.889	117	13	0	19	135	396649	396765	9.85e-34	145
FA1090_opa_1/598-732	M0579	88.889	117	13	0	19	135	631176	631292	9.85e-34	145
FA1090_opa_1/598-732	M0579	90.196	102	10	0	34	135	1935655	1935554	2.13e-30	134
FA1090_opa_1/598-732	M01-240149	92.157	102	8	0	34	135	629373	629272	9.85e-34	145
FA1090_opa_1/598-732	M01-240149	88.034	117	14	0	19	135	806218	806334	4.58e-32	139
FA1090_opa_1/598-732	M01-240149	87.179	117	15	0	19	135	1317413	1317529	2.13e-30	134
FA1090_opa_1/598-732	LNP24198	92.157	102	8	0	34	135	578839	578738	9.85e-34	145
FA1090_opa_1/598-732	LNP24198	88.034	117	14	0	19	135	1285594	1285710	4.58e-32	139
FA1090_opa_1/598-732	LNP24198	88.034	117	14	0	19	135	1467569	1467685	4.58e-32	139
FA1090_opa_1/598-732	LNP24198	89.216	102	11	0	34	135	1111154	1111053	9.92e-29	128
FA1090_opa_1/598-732	L91543	92.157	102	8	0	34	135	1725885	1725784	9.85e-34	145
FA1090_opa_1/598-732	L91543	89.216	102	11	0	34	135	53774	53673	9.92e-29	128
FA1090_opa_1/598-732	FDAARGOS_212	92.157	102	8	0	34	135	1097289	1097188	9.85e-34	145
FA1090_opa_1/598-732	FDAARGOS_212	88.889	117	13	0	19	135	2032100	2032216	9.85e-34	145
FA1090_opa_1/598-732	FDAARGOS_212	90.196	102	10	0	34	135	1270197	1270096	2.13e-30	134
FA1090_opa_1/598-732	FDAARGOS_212	86.325	117	16	0	19	135	1444394	1444510	9.92e-29	128
FA1090_opa_1/598-732	FAM18	92.157	102	8	0	34	135	901148	901047	9.85e-34	145
FA1090_opa_1/598-732	FAM18	89.216	102	11	0	34	135	1403634	1403533	9.92e-29	128
FA1090_opa_1/598-732	FAM18	86.325	117	16	0	19	135	1752216	1752332	9.92e-29	128
FA1090_opa_1/598-732	DFS-1910310016	92.157	102	8	0	34	135	581340	581239	9.85e-34	145
FA1090_opa_1/598-732	DFS-1910310016	88.034	117	14	0	19	135	1279336	1279452	4.58e-32	139
FA1090_opa_1/598-732	DFS-1910310016	88.034	117	14	0	19	135	1460812	1460928	4.58e-32	139
FA1090_opa_1/598-732	DE8669	92.157	102	8	0	34	135	1194386	1194285	9.85e-34	145
FA1090_opa_1/598-732	DE8669	88.889	117	13	0	19	135	1369878	1369994	9.85e-34	145
FA1090_opa_1/598-732	DE8669	91.176	102	9	0	34	135	460248	460147	4.58e-32	139
FA1090_opa_1/598-732	DE8669	90.196	102	10	0	34	135	1880980	1881081	2.13e-30	134
FA1090_opa_1/598-732	DE8555	92.157	102	8	0	34	135	897466	897365	9.85e-34	145
FA1090_opa_1/598-732	DE8555	88.034	117	14	0	19	135	1606490	1606606	4.58e-32	139
FA1090_opa_1/598-732	DE8555	89.216	102	11	0	34	135	1436270	1436169	9.92e-29	128
FA1090_opa_1/598-732	COL-201504-11	92.157	102	8	0	34	135	894423	894322	9.85e-34	145
FA1090_opa_1/598-732	COL-201504-11	88.034	117	14	0	19	135	1579428	1579544	4.58e-32	139
FA1090_opa_1/598-732	COL-201504-11	88.034	117	14	0	19	135	1762770	1762886	4.58e-32	139
FA1090_opa_1/598-732	COL-201504-11	89.216	102	11	0	34	135	1404265	1404164	9.92e-29	128
FA1090_opa_1/598-732	alpha710	88.889	117	13	0	19	135	974291	974407	9.85e-34	145
FA1090_opa_1/598-732	alpha710	88.889	117	13	0	19	135	1520442	1520558	9.85e-34	145
FA1090_opa_1/598-732	alpha710	88.034	117	14	0	19	135	1664412	1664528	4.58e-32	139
FA1090_opa_1/598-732	alpha14	92.157	102	8	0	34	135	862306	862205	9.85e-34	145
FA1090_opa_1/598-732	alpha14	87.179	117	15	0	19	135	1552868	1552984	2.13e-30	134
FA1090_opa_1/598-732	alpha14	87.179	117	15	0	19	135	1722997	1723113	2.13e-30	134
FA1090_opa_1/598-732	WUE2594	88.034	117	14	0	19	135	1751075	1751191	4.58e-32	139
FA1090_opa_1/598-732	WUE2594	90.196	102	10	0	34	135	841463	841362	2.13e-30	134
FA1090_opa_1/598-732	WUE2594	90.196	102	10	0	34	135	1376108	1376007	2.13e-30	134
FA1090_opa_1/598-732	WUE2594	87.179	117	15	0	19	135	1582073	1582189	2.13e-30	134
FA1090_opa_1/598-732	PartJ-Nmeningitidis-RM8376	88.034	117	14	0	19	135	411425	411541	4.58e-32	139
FA1090_opa_1/598-732	PartJ-Nmeningitidis-RM8376	91.176	102	9	0	34	135	1678573	1678472	4.58e-32	139
FA1090_opa_1/598-732	PartJ-Nmeningitidis-RM8376	90.196	102	10	0	34	135	1849577	1849476	2.13e-30	134
FA1090_opa_1/598-732	PartJ-Nmeningitidis-RM8376	87.179	117	15	0	19	135	2058026	2058142	2.13e-30	134
FA1090_opa_1/598-732	NCTC3372	88.034	117	14	0	19	135	1459330	1459446	4.58e-32	139
FA1090_opa_1/598-732	NCTC3372	90.196	102	10	0	34	135	543258	543157	2.13e-30	134
FA1090_opa_1/598-732	NCTC3372	90.196	102	10	0	34	135	1080591	1080490	2.13e-30	134
FA1090_opa_1/598-732	NCTC3372	87.179	117	15	0	19	135	1288287	1288403	2.13e-30	134
FA1090_opa_1/598-732	NCTC10026	88.034	117	14	0	19	135	525546	525662	4.58e-32	139
FA1090_opa_1/598-732	NCTC10026	90.196	102	10	0	34	135	337902	337801	2.13e-30	134
FA1090_opa_1/598-732	NCTC10026	90.196	102	10	0	34	135	1046285	1046386	2.13e-30	134
FA1090_opa_1/598-732	NCTC10026	90.196	102	10	0	34	135	1557919	1558020	2.13e-30	134
FA1090_opa_1/598-732	NCTC10025	91.176	102	9	0	34	135	147735	147634	4.58e-32	139
FA1090_opa_1/598-732	NCTC10025	88.034	117	14	0	19	135	1061138	1061254	4.58e-32	139
FA1090_opa_1/598-732	NCTC10025	90.196	102	10	0	34	135	318656	318555	2.13e-30	134
FA1090_opa_1/598-732	NCTC10025	87.179	117	15	0	19	135	526466	526582	2.13e-30	134
FA1090_opa_1/598-732	MC58	91.176	102	9	0	34	135	454994	454893	4.58e-32	139
FA1090_opa_1/598-732	MC58	88.034	117	14	0	19	135	1700972	1701088	4.58e-32	139
FA1090_opa_1/598-732	MC58	88.235	102	12	0	34	135	1514619	1514518	4.62e-27	122
FA1090_opa_1/598-732	M22425	88.034	117	14	0	19	135	802192	802308	4.58e-32	139
FA1090_opa_1/598-732	M22425	88.034	117	14	0	19	135	1571953	1572069	4.58e-32	139
FA1090_opa_1/598-732	M21955	88.034	117	14	0	19	135	1070321	1070437	4.58e-32	139
FA1090_opa_1/598-732	M21955	91.176	102	9	0	34	135	2093323	2093222	4.58e-32	139
FA1090_opa_1/598-732	M21955	88.235	102	12	0	34	135	37432	37533	4.62e-27	122
FA1090_opa_1/598-732	M18755	91.176	102	9	0	34	135	854007	853906	4.58e-32	139
FA1090_opa_1/598-732	M18755	91.176	102	9	0	34	135	1029058	1028957	4.58e-32	139
FA1090_opa_1/598-732	M18755	86.325	117	16	0	19	135	1690295	1690411	9.92e-29	128
FA1090_opa_1/598-732	M18755	88.235	102	12	0	34	135	1200252	1200353	4.62e-27	122
FA1090_opa_1/598-732	M18727	88.034	117	14	0	19	135	848590	848706	4.58e-32	139
FA1090_opa_1/598-732	M18727	90.196	102	10	0	34	135	124974	124873	2.13e-30	134
FA1090_opa_1/598-732	M18727	87.179	117	15	0	19	135	1036692	1036808	2.13e-30	134
FA1090_opa_1/598-732	M04-240196	91.176	102	9	0	34	135	465225	465124	4.58e-32	139
FA1090_opa_1/598-732	M04-240196	91.176	102	9	0	34	135	636628	636527	4.58e-32	139
FA1090_opa_1/598-732	M04-240196	87.179	117	15	0	19	135	1352175	1352291	2.13e-30	134
FA1090_opa_1/598-732	M01-240355	91.176	102	9	0	34	135	978177	978076	4.58e-32	139
FA1090_opa_1/598-732	M01-240355	91.176	102	9	0	34	135	1496934	1496833	4.58e-32	139
FA1090_opa_1/598-732	M01-240355	90.196	102	10	0	34	135	477594	477493	2.13e-30	134
FA1090_opa_1/598-732	M01-240355	87.179	117	15	0	19	135	1686134	1686250	2.13e-30	134
FA1090_opa_1/598-732	M01-240355	89.216	102	11	0	34	135	1499697	1499596	9.92e-29	128
FA1090_opa_1/598-732	LNP21362	91.176	102	9	0	34	135	1719940	1719839	4.58e-32	139
FA1090_opa_1/598-732	LNP21362	91.176	102	9	0	34	135	1890183	1890082	4.58e-32	139
FA1090_opa_1/598-732	H44_76	91.176	102	9	0	34	135	455950	455849	4.58e-32	139
FA1090_opa_1/598-732	H44_76	88.235	102	12	0	34	135	630234	630133	4.62e-27	122
FA1090_opa_1/598-732	H44_76	88.235	102	12	0	34	135	815895	815996	4.62e-27	122
FA1090_opa_1/598-732	FDAARGOS_914	91.176	102	9	0	34	135	144002	143901	4.58e-32	139
FA1090_opa_1/598-732	FDAARGOS_914	88.034	117	14	0	19	135	1058176	1058292	4.58e-32	139
FA1090_opa_1/598-732	FDAARGOS_914	90.196	102	10	0	34	135	315001	314900	2.13e-30	134
FA1090_opa_1/598-732	FDAARGOS_914	87.179	117	15	0	19	135	523449	523565	2.13e-30	134
FA1090_opa_1/598-732	FDAARGOS_215	88.034	117	14	0	19	135	1282708	1282824	4.58e-32	139
FA1090_opa_1/598-732	FDAARGOS_215	90.196	102	10	0	34	135	9259	9360	2.13e-30	134
FA1090_opa_1/598-732	FDAARGOS_215	90.196	102	10	0	34	135	1095064	1094963	2.13e-30	134
FA1090_opa_1/598-732	FDAARGOS_215	90.196	102	10	0	34	135	1803442	1803543	2.13e-30	134
FA1090_opa_1/598-732	FDAARGOS_211	88.034	117	14	0	19	135	1718097	1718213	4.58e-32	139
FA1090_opa_1/598-732	FDAARGOS_211	90.196	102	10	0	34	135	444649	444750	2.13e-30	134
FA1090_opa_1/598-732	FDAARGOS_211	90.196	102	10	0	34	135	1530453	1530352	2.13e-30	134
FA1090_opa_1/598-732	FDAARGOS_211	90.196	102	10	0	34	135	2238819	2238920	2.13e-30	134
FA1090_opa_1/598-732	FDAARGOS_210	91.176	102	9	0	34	135	592766	592665	4.58e-32	139
FA1090_opa_1/598-732	FDAARGOS_210	88.034	117	14	0	19	135	1838999	1839115	4.58e-32	139
FA1090_opa_1/598-732	FDAARGOS_210	88.235	102	12	0	34	135	779075	779176	4.62e-27	122
FA1090_opa_1/598-732	FDAARGOS_209	88.034	117	14	0	19	135	457308	457424	4.58e-32	139
FA1090_opa_1/598-732	FDAARGOS_209	91.176	102	9	0	34	135	1724395	1724294	4.58e-32	139
FA1090_opa_1/598-732	FDAARGOS_209	90.196	102	10	0	34	135	1895431	1895330	2.13e-30	134
FA1090_opa_1/598-732	FDAARGOS_209	87.179	117	15	0	19	135	2103882	2103998	2.13e-30	134
FA1090_opa_1/598-732	C311	91.176	102	9	0	34	135	587809	587708	4.58e-32	139
FA1090_opa_1/598-732	C311	88.034	117	14	0	19	135	1873599	1873715	4.58e-32	139
FA1090_opa_1/598-732	C311	88.235	102	12	0	34	135	1687101	1687000	4.62e-27	122
FA1090_opa_1/598-732	AUSMDU00005726	91.176	102	9	0	34	135	1081214	1081113	4.58e-32	139
FA1090_opa_1/598-732	AUSMDU00005726	88.034	117	14	0	19	135	1423563	1423679	4.58e-32	139
FA1090_opa_1/598-732	AUSMDU00005726	89.216	102	11	0	34	135	554228	554127	9.92e-29	128
FA1090_opa_1/598-732	AUSMDU00005726	86.325	117	16	0	19	135	1254971	1255087	9.92e-29	128
FA1090_opa_1/598-732	98-182	88.034	117	14	0	19	135	1420549	1420665	4.58e-32	139
FA1090_opa_1/598-732	98-182	89.216	102	11	0	34	135	550415	550314	9.92e-29	128
FA1090_opa_1/598-732	98-182	89.216	102	11	0	34	135	1076881	1076780	9.92e-29	128
FA1090_opa_1/598-732	98-182	86.325	117	16	0	19	135	1249717	1249833	9.92e-29	128
FA1090_opa_1/598-732	95-134	88.034	117	14	0	19	135	1421061	1421177	4.58e-32	139
FA1090_opa_1/598-732	95-134	89.216	102	11	0	34	135	546216	546115	9.92e-29	128
FA1090_opa_1/598-732	95-134	89.216	102	11	0	34	135	1071045	1070944	9.92e-29	128
FA1090_opa_1/598-732	95-134	86.325	117	16	0	19	135	1243733	1243849	9.92e-29	128
FA1090_opa_1/598-732	8013	88.034	117	14	0	19	135	1435521	1435637	4.58e-32	139
FA1090_opa_1/598-732	8013	90.196	102	10	0	34	135	465716	465615	2.13e-30	134
FA1090_opa_1/598-732	8013	87.179	117	15	0	19	135	915875	915991	2.13e-30	134
FA1090_opa_1/598-732	53442	91.176	102	9	0	34	135	870563	870462	4.58e-32	139
FA1090_opa_1/598-732	53442	88.034	117	14	0	19	135	1565364	1565480	4.58e-32	139
FA1090_opa_1/598-732	510612	88.034	117	14	0	19	135	1989195	1989311	4.58e-32	139
FA1090_opa_1/598-732	510612	90.196	102	10	0	34	135	1079677	1079576	2.13e-30	134
FA1090_opa_1/598-732	510612	90.196	102	10	0	34	135	1611935	1611834	2.13e-30	134
FA1090_opa_1/598-732	510612	87.179	117	15	0	19	135	1818653	1818769	2.13e-30	134
FA1090_opa_1/598-732	38277	91.176	102	9	0	34	135	440918	440817	4.58e-32	139
FA1090_opa_1/598-732	38277	91.176	102	9	0	34	135	683568	683467	4.58e-32	139
FA1090_opa_1/598-732	38277	88.034	117	14	0	19	135	1425199	1425315	4.58e-32	139
FA1090_opa_1/598-732	331401	88.034	117	14	0	19	135	1238368	1238484	4.58e-32	139
FA1090_opa_1/598-732	331401	90.196	102	10	0	34	135	326633	326532	2.13e-30	134
FA1090_opa_1/598-732	331401	90.196	102	10	0	34	135	859851	859750	2.13e-30	134
FA1090_opa_1/598-732	331401	87.179	117	15	0	19	135	1068191	1068307	2.13e-30	134
FA1090_opa_1/598-732	14-563	88.034	117	14	0	19	135	1427457	1427573	4.58e-32	139
FA1090_opa_1/598-732	14-563	89.216	102	11	0	34	135	547740	547639	9.92e-29	128
FA1090_opa_1/598-732	14-563	89.216	102	11	0	34	135	1076618	1076517	9.92e-29	128
FA1090_opa_1/598-732	14-563	86.325	117	16	0	19	135	1257325	1257441	9.92e-29	128
FA1090_opa_1/598-732	13-600	88.034	117	14	0	19	135	1418449	1418565	4.58e-32	139
FA1090_opa_1/598-732	13-600	89.216	102	11	0	34	135	547753	547652	9.92e-29	128
FA1090_opa_1/598-732	13-600	89.216	102	11	0	34	135	1075821	1075720	9.92e-29	128
FA1090_opa_1/598-732	13-600	86.325	117	16	0	19	135	1248237	1248353	9.92e-29	128
FA1090_opa_1/598-732	12-330	88.034	117	14	0	19	135	1417482	1417598	4.58e-32	139
FA1090_opa_1/598-732	12-330	89.216	102	11	0	34	135	548497	548396	9.92e-29	128
FA1090_opa_1/598-732	12-330	89.216	102	11	0	34	135	1076254	1076153	9.92e-29	128
FA1090_opa_1/598-732	12-330	86.325	117	16	0	19	135	1248642	1248758	9.92e-29	128
FA1090_opa_1/598-732	12-221	88.034	117	14	0	19	135	1417595	1417711	4.58e-32	139
FA1090_opa_1/598-732	12-221	89.216	102	11	0	34	135	547047	546946	9.92e-29	128
FA1090_opa_1/598-732	12-221	89.216	102	11	0	34	135	1075049	1074948	9.92e-29	128
FA1090_opa_1/598-732	12-221	86.325	117	16	0	19	135	1247482	1247598	9.92e-29	128
FA1090_opa_1/598-732	12-176	88.034	117	14	0	19	135	1419138	1419254	4.58e-32	139
FA1090_opa_1/598-732	12-176	89.216	102	11	0	34	135	548542	548441	9.92e-29	128
FA1090_opa_1/598-732	12-176	89.216	102	11	0	34	135	1076572	1076471	9.92e-29	128
FA1090_opa_1/598-732	12-176	86.325	117	16	0	19	135	1249057	1249173	9.92e-29	128
FA1090_opa_1/598-732	11-7	88.034	117	14	0	19	135	1418241	1418357	4.58e-32	139
FA1090_opa_1/598-732	11-7	89.216	102	11	0	34	135	548729	548628	9.92e-29	128
FA1090_opa_1/598-732	11-7	89.216	102	11	0	34	135	1074526	1074425	9.92e-29	128
FA1090_opa_1/598-732	11-7	86.325	117	16	0	19	135	1247456	1247572	9.92e-29	128
FA1090_opa_1/598-732	11-251	91.176	102	9	0	34	135	1093691	1093590	4.58e-32	139
FA1090_opa_1/598-732	11-251	90.196	102	10	0	34	135	571784	571683	2.13e-30	134
FA1090_opa_1/598-732	11-251	87.179	117	15	0	19	135	1267316	1267432	2.13e-30	134
FA1090_opa_1/598-732	11-251	87.179	117	15	0	19	135	1439567	1439683	2.13e-30	134
FA1090_opa_1/598-732	11-14	88.034	117	14	0	19	135	1418542	1418658	4.58e-32	139
FA1090_opa_1/598-732	11-14	89.216	102	11	0	34	135	547088	546987	9.92e-29	128
FA1090_opa_1/598-732	11-14	89.216	102	11	0	34	135	1075220	1075119	9.92e-29	128
FA1090_opa_1/598-732	11-14	86.325	117	16	0	19	135	1248394	1248510	9.92e-29	128
FA1090_opa_1/598-732	06-178	88.034	117	14	0	19	135	1417128	1417244	4.58e-32	139
FA1090_opa_1/598-732	06-178	89.216	102	11	0	34	135	547048	546947	9.92e-29	128
FA1090_opa_1/598-732	06-178	89.216	102	11	0	34	135	1075134	1075033	9.92e-29	128
FA1090_opa_1/598-732	06-178	86.325	117	16	0	19	135	1246996	1247112	9.92e-29	128
FA1090_opa_1/598-732	M27559	90.291	103	10	0	33	135	1150631	1150529	5.93e-31	135
FA1090_opa_1/598-732	M27559	87.179	117	15	0	19	135	2005836	2005952	2.13e-30	134
FA1090_opa_1/598-732	M27559	89.216	102	11	0	34	135	1331968	1331867	9.92e-29	128
FA1090_opa_1/598-732	M27559	86.325	117	16	0	19	135	1504164	1504280	9.92e-29	128
FA1090_opa_1/598-732	M25476	90.291	103	10	0	33	135	1842339	1842237	5.93e-31	135
FA1090_opa_1/598-732	M25476	87.179	117	15	0	19	135	26686	26802	2.13e-30	134
FA1090_opa_1/598-732	M25476	87.179	117	15	0	19	135	528387	528503	2.13e-30	134
FA1090_opa_1/598-732	M25476	89.216	102	11	0	34	135	2022609	2022508	9.92e-29	128
FA1090_opa_1/598-732	M25474	90.291	103	10	0	33	135	580136	580034	5.93e-31	135
FA1090_opa_1/598-732	M25474	87.179	117	15	0	19	135	1434375	1434491	2.13e-30	134
FA1090_opa_1/598-732	M25474	89.216	102	11	0	34	135	760412	760311	9.92e-29	128
FA1090_opa_1/598-732	M25474	86.325	117	16	0	19	135	932656	932772	9.92e-29	128
FA1090_opa_1/598-732	M25472	90.291	103	10	0	33	135	1306074	1306176	5.93e-31	135
FA1090_opa_1/598-732	M25472	90.196	102	10	0	34	135	450776	450675	2.13e-30	134
FA1090_opa_1/598-732	M25472	89.216	102	11	0	34	135	952469	952368	9.92e-29	128
FA1090_opa_1/598-732	M25472	86.325	117	16	0	19	135	1125794	1125910	9.92e-29	128
FA1090_opa_1/598-732	M25462	90.291	103	10	0	33	135	600944	600842	5.93e-31	135
FA1090_opa_1/598-732	M25462	87.179	117	15	0	19	135	1455144	1455260	2.13e-30	134
FA1090_opa_1/598-732	M25462	89.216	102	11	0	34	135	781217	781116	9.92e-29	128
FA1090_opa_1/598-732	M25462	86.325	117	16	0	19	135	953419	953535	9.92e-29	128
FA1090_opa_1/598-732	M25459	90.291	103	10	0	33	135	265744	265846	5.93e-31	135
FA1090_opa_1/598-732	M25459	90.196	102	10	0	34	135	1584653	1584552	2.13e-30	134
FA1090_opa_1/598-732	M25459	86.325	117	16	0	19	135	85451	85567	9.92e-29	128
FA1090_opa_1/598-732	M25459	89.216	102	11	0	34	135	2086354	2086253	9.92e-29	128
FA1090_opa_1/598-732	M25456	90.291	103	10	0	33	135	1828594	1828696	5.93e-31	135
FA1090_opa_1/598-732	M25456	90.196	102	10	0	34	135	974384	974283	2.13e-30	134
FA1090_opa_1/598-732	M25456	89.216	102	11	0	34	135	1476094	1475993	9.92e-29	128
FA1090_opa_1/598-732	M25456	86.325	117	16	0	19	135	1648301	1648417	9.92e-29	128
FA1090_opa_1/598-732	M25438	90.291	103	10	0	33	135	849976	849874	5.93e-31	135
FA1090_opa_1/598-732	M25438	87.179	117	15	0	19	135	1705297	1705413	2.13e-30	134
FA1090_opa_1/598-732	M25438	89.216	102	11	0	34	135	1031325	1031224	9.92e-29	128
FA1090_opa_1/598-732	M25438	86.325	117	16	0	19	135	1203521	1203637	9.92e-29	128
FA1090_opa_1/598-732	M25087	90.291	103	10	0	33	135	751558	751456	5.93e-31	135
FA1090_opa_1/598-732	M25087	87.179	117	15	0	19	135	1104078	1104194	2.13e-30	134
FA1090_opa_1/598-732	M25087	87.179	117	15	0	19	135	1605789	1605905	2.13e-30	134
FA1090_opa_1/598-732	M25087	89.216	102	11	0	34	135	931823	931722	9.92e-29	128
FA1090_opa_1/598-732	M25074	90.291	103	10	0	33	135	669440	669542	5.93e-31	135
FA1090_opa_1/598-732	M25074	90.196	102	10	0	34	135	1987068	1986967	2.13e-30	134
FA1090_opa_1/598-732	M25074	89.216	102	11	0	34	135	317100	316999	9.92e-29	128
FA1090_opa_1/598-732	M25074	86.325	117	16	0	19	135	489119	489235	9.92e-29	128
FA1090_opa_1/598-732	M25073	90.291	103	10	0	33	135	670099	670201	5.93e-31	135
FA1090_opa_1/598-732	M25073	90.196	102	10	0	34	135	1987719	1987618	2.13e-30	134
FA1090_opa_1/598-732	M25073	89.216	102	11	0	34	135	317760	317659	9.92e-29	128
FA1090_opa_1/598-732	M25073	86.325	117	16	0	19	135	489778	489894	9.92e-29	128
FA1090_opa_1/598-732	M24730	90.291	103	10	0	33	135	1445939	1445837	5.93e-31	135
FA1090_opa_1/598-732	M24730	87.179	117	15	0	19	135	126448	126564	2.13e-30	134
FA1090_opa_1/598-732	M24730	89.216	102	11	0	34	135	1625478	1625377	9.92e-29	128
FA1090_opa_1/598-732	M24730	86.325	117	16	0	19	135	1800141	1800257	9.92e-29	128
FA1090_opa_1/598-732	M23413	90.291	103	10	0	33	135	1285005	1284903	5.93e-31	135
FA1090_opa_1/598-732	M23413	87.179	117	15	0	19	135	2139115	2139231	2.13e-30	134
FA1090_opa_1/598-732	M23413	89.216	102	11	0	34	135	1465258	1465157	9.92e-29	128
FA1090_opa_1/598-732	M23413	86.325	117	16	0	19	135	1637450	1637566	9.92e-29	128
FA1090_opa_1/598-732	NMB	90.196	102	10	0	34	135	681824	681723	2.13e-30	134
FA1090_opa_1/598-732	NM3686	87.179	117	15	0	19	135	207260	207376	2.13e-30	134
FA1090_opa_1/598-732	NM3686	90.196	102	10	0	34	135	1716301	1716200	2.13e-30	134
FA1090_opa_1/598-732	M7124	90.196	102	10	0	34	135	1175447	1175346	2.13e-30	134
FA1090_opa_1/598-732	M7124	89.216	102	11	0	34	135	1677058	1676957	9.92e-29	128
FA1090_opa_1/598-732	M7124	86.325	117	16	0	19	135	1849370	1849486	9.92e-29	128
FA1090_opa_1/598-732	M25419	90.196	102	10	0	34	135	995796	995695	2.13e-30	134
FA1090_opa_1/598-732	M25419	87.179	117	15	0	19	135	1683005	1683121	2.13e-30	134
FA1090_opa_1/598-732	M25419	87.179	117	15	0	19	135	1855265	1855381	2.13e-30	134
FA1090_opa_1/598-732	M25419	89.216	102	11	0	34	135	1511420	1511319	9.92e-29	128
FA1090_opa_1/598-732	M22801	90.196	102	10	0	34	135	678392	678291	2.13e-30	134
FA1090_opa_1/598-732	M22801	89.216	102	11	0	34	135	1180025	1179924	9.92e-29	128
FA1090_opa_1/598-732	M22801	86.325	117	16	0	19	135	1352954	1353070	9.92e-29	128
FA1090_opa_1/598-732	M22797	87.179	117	15	0	19	135	1564189	1564305	2.13e-30	134
FA1090_opa_1/598-732	M22797	89.216	102	11	0	34	135	889792	889691	9.92e-29	128
FA1090_opa_1/598-732	M22797	86.325	117	16	0	19	135	1062439	1062555	9.92e-29	128
FA1090_opa_1/598-732	M22772	87.179	117	15	0	19	135	968165	968281	2.13e-30	134
FA1090_opa_1/598-732	M22772	89.216	102	11	0	34	135	293980	293879	9.92e-29	128
FA1090_opa_1/598-732	M22772	86.325	117	16	0	19	135	466535	466651	9.92e-29	128
FA1090_opa_1/598-732	M22769	87.179	117	15	0	19	135	129770	129886	2.13e-30	134
FA1090_opa_1/598-732	M22769	89.216	102	11	0	34	135	1624481	1624380	9.92e-29	128
FA1090_opa_1/598-732	M22769	86.325	117	16	0	19	135	1796706	1796822	9.92e-29	128
FA1090_opa_1/598-732	M22759	90.196	102	10	0	34	135	872243	872142	2.13e-30	134
FA1090_opa_1/598-732	M22759	89.216	102	11	0	34	135	1373748	1373647	9.92e-29	128
FA1090_opa_1/598-732	M22759	86.325	117	16	0	19	135	1545962	1546078	9.92e-29	128
FA1090_opa_1/598-732	M22748	90.196	102	10	0	34	135	269021	268920	2.13e-30	134
FA1090_opa_1/598-732	M22748	89.216	102	11	0	34	135	770681	770580	9.92e-29	128
FA1090_opa_1/598-732	M22748	86.325	117	16	0	19	135	942499	942615	9.92e-29	128
FA1090_opa_1/598-732	M22747	87.179	117	15	0	19	135	2145885	2146001	2.13e-30	134
FA1090_opa_1/598-732	M22747	89.216	102	11	0	34	135	1471844	1471743	9.92e-29	128
FA1090_opa_1/598-732	M22747	86.325	117	16	0	19	135	1644254	1644370	9.92e-29	128
FA1090_opa_1/598-732	M22745	87.179	117	15	0	19	135	493793	493909	2.13e-30	134
FA1090_opa_1/598-732	M22745	89.216	102	11	0	34	135	1983333	1983232	9.92e-29	128
FA1090_opa_1/598-732	M22745	86.325	117	16	0	19	135	2155529	2155645	9.92e-29	128
FA1090_opa_1/598-732	M22740	87.179	117	15	0	19	135	1058041	1058157	2.13e-30	134
FA1090_opa_1/598-732	M22740	89.216	102	11	0	34	135	384038	383937	9.92e-29	128
FA1090_opa_1/598-732	M22740	86.325	117	16	0	19	135	556417	556533	9.92e-29	128
FA1090_opa_1/598-732	M22722	87.179	117	15	0	19	135	291565	291681	2.13e-30	134
FA1090_opa_1/598-732	M22722	89.216	102	11	0	34	135	1790414	1790313	9.92e-29	128
FA1090_opa_1/598-732	M22722	86.325	117	16	0	19	135	1962841	1962957	9.92e-29	128
FA1090_opa_1/598-732	M22718	87.179	117	15	0	19	135	2004208	2004324	2.13e-30	134
FA1090_opa_1/598-732	M22718	89.216	102	11	0	34	135	1330167	1330066	9.92e-29	128
FA1090_opa_1/598-732	M22718	86.325	117	16	0	19	135	1502572	1502688	9.92e-29	128
FA1090_opa_1/598-732	M22293	90.196	102	10	0	34	135	1154281	1154180	2.13e-30	134
FA1090_opa_1/598-732	M22293	89.216	102	11	0	34	135	1666790	1666689	9.92e-29	128
FA1090_opa_1/598-732	M22191	87.179	117	15	0	19	135	197649	197765	2.13e-30	134
FA1090_opa_1/598-732	M22191	89.216	102	11	0	34	135	1679437	1679336	9.92e-29	128
FA1090_opa_1/598-732	M22191	86.325	117	16	0	19	135	1851476	1851592	9.92e-29	128
FA1090_opa_1/598-732	M22189	90.196	102	10	0	34	135	2169037	2168936	2.13e-30	134
FA1090_opa_1/598-732	M22189	89.216	102	11	0	34	135	498058	497957	9.92e-29	128
FA1090_opa_1/598-732	M22189	86.325	117	16	0	19	135	670315	670431	9.92e-29	128
FA1090_opa_1/598-732	M22160	90.196	102	10	0	34	135	912459	912358	2.13e-30	134
FA1090_opa_1/598-732	M22160	89.216	102	11	0	34	135	1414184	1414083	9.92e-29	128
FA1090_opa_1/598-732	M22160	86.325	117	16	0	19	135	1586386	1586502	9.92e-29	128
FA1090_opa_1/598-732	M12752	87.179	117	15	0	19	135	1499754	1499870	2.13e-30	134
FA1090_opa_1/598-732	M12752	89.216	102	11	0	34	135	824751	824650	9.92e-29	128
FA1090_opa_1/598-732	M12752	86.325	117	16	0	19	135	997048	997164	9.92e-29	128
FA1090_opa_1/598-732	M10208	87.179	117	15	0	19	135	271459	271575	2.13e-30	134
FA1090_opa_1/598-732	M10208	90.196	102	10	0	34	135	1769762	1769661	2.13e-30	134
FA1090_opa_1/598-732	M10208	89.216	102	11	0	34	135	99484	99383	9.92e-29	128
FA1090_opa_1/598-732	M09293	87.179	117	15	0	19	135	1999909	2000025	2.13e-30	134
FA1090_opa_1/598-732	M09293	89.216	102	11	0	34	135	1326128	1326027	9.92e-29	128
FA1090_opa_1/598-732	M09293	86.325	117	16	0	19	135	1498322	1498438	9.92e-29	128
FA1090_opa_1/598-732	M09261	90.196	102	10	0	34	135	1619030	1618929	2.13e-30	134
FA1090_opa_1/598-732	M09261	86.325	117	16	0	19	135	138499	138615	9.92e-29	128
FA1090_opa_1/598-732	M09261	89.216	102	11	0	34	135	2120654	2120553	9.92e-29	128
FA1090_opa_1/598-732	M08001	87.179	117	15	0	19	135	967944	968060	2.13e-30	134
FA1090_opa_1/598-732	M08001	89.216	102	11	0	34	135	294089	293988	9.92e-29	128
FA1090_opa_1/598-732	M08001	86.325	117	16	0	19	135	466280	466396	9.92e-29	128
FA1090_opa_1/598-732	M08000	90.196	102	10	0	34	135	1236187	1236086	2.13e-30	134
FA1090_opa_1/598-732	M08000	89.216	102	11	0	34	135	1737840	1737739	9.92e-29	128
FA1090_opa_1/598-732	M08000	86.325	117	16	0	19	135	1910031	1910147	9.92e-29	128
FA1090_opa_1/598-732	M07999	87.179	117	15	0	19	135	551933	552049	2.13e-30	134
FA1090_opa_1/598-732	M07999	86.325	117	16	0	19	135	50343	50459	9.92e-29	128
FA1090_opa_1/598-732	M07999	89.216	102	11	0	34	135	2040120	2040019	9.92e-29	128
FA1090_opa_1/598-732	M07165	87.179	117	15	0	19	135	486191	486307	2.13e-30	134
FA1090_opa_1/598-732	M07165	90.196	102	10	0	34	135	1982652	1982551	2.13e-30	134
FA1090_opa_1/598-732	M07165	89.216	102	11	0	34	135	313959	313858	9.92e-29	128
FA1090_opa_1/598-732	M07162	90.196	102	10	0	34	135	798589	798488	2.13e-30	134
FA1090_opa_1/598-732	M07162	87.179	117	15	0	19	135	1492197	1492313	2.13e-30	134
FA1090_opa_1/598-732	M07162	89.216	102	11	0	34	135	1319951	1319850	9.92e-29	128
FA1090_opa_1/598-732	M07161	90.196	102	10	0	34	135	335290	335189	2.13e-30	134
FA1090_opa_1/598-732	M07161	89.216	102	11	0	34	135	836893	836792	9.92e-29	128
FA1090_opa_1/598-732	M07161	86.325	117	16	0	19	135	1009088	1009204	9.92e-29	128
FA1090_opa_1/598-732	M07149	87.179	117	15	0	19	135	471901	472017	2.13e-30	134
FA1090_opa_1/598-732	M07149	89.216	102	11	0	34	135	1971478	1971377	9.92e-29	128
FA1090_opa_1/598-732	M07149	86.325	117	16	0	19	135	2143806	2143922	9.92e-29	128
FA1090_opa_1/598-732	EXNM741	90.196	102	10	0	34	135	570039	569938	2.13e-30	134
FA1090_opa_1/598-732	EXNM741	87.179	117	15	0	19	135	1256550	1256666	2.13e-30	134
FA1090_opa_1/598-732	EXNM741	87.179	117	15	0	19	135	1430739	1430855	2.13e-30	134
FA1090_opa_1/598-732	EXNM741	89.216	102	11	0	34	135	1083391	1083290	9.92e-29	128
FA1090_opa_1/598-732	EXNM678	90.196	102	10	0	34	135	797764	797663	2.13e-30	134
FA1090_opa_1/598-732	EXNM678	87.179	117	15	0	19	135	1658868	1658984	2.13e-30	134
FA1090_opa_1/598-732	EXNM678	89.216	102	11	0	34	135	1313037	1312936	9.92e-29	128
FA1090_opa_1/598-732	EXNM678	86.325	117	16	0	19	135	1485858	1485974	9.92e-29	128
FA1090_opa_1/598-732	EXNM666	87.179	117	15	0	19	135	226551	226667	2.13e-30	134
FA1090_opa_1/598-732	EXNM666	90.196	102	10	0	34	135	1536525	1536424	2.13e-30	134
FA1090_opa_1/598-732	EXNM666	86.325	117	16	0	19	135	53534	53650	9.92e-29	128
FA1090_opa_1/598-732	EXNM666	89.216	102	11	0	34	135	2052007	2051906	9.92e-29	128
FA1090_opa_1/598-732	B6116_77	87.179	117	15	0	19	135	347	463	2.13e-30	134
FA1090_opa_1/598-732	B6116_77	90.196	102	10	0	34	135	1323544	1323443	2.13e-30	134
FA1090_opa_1/598-732	AUSMDU00010537	90.196	102	10	0	34	135	569191	569090	2.13e-30	134
FA1090_opa_1/598-732	AUSMDU00010537	87.179	117	15	0	19	135	1444729	1444845	2.13e-30	134
FA1090_opa_1/598-732	AUSMDU00010537	89.216	102	11	0	34	135	1098921	1098820	9.92e-29	128
FA1090_opa_1/598-732	AUSMDU00010537	86.325	117	16	0	19	135	1271724	1271840	9.92e-29	128
FA1090_opa_1/598-732	16-92	90.196	102	10	0	34	135	573559	573458	2.13e-30	134
FA1090_opa_1/598-732	16-92	87.179	117	15	0	19	135	1262695	1262811	2.13e-30	134
FA1090_opa_1/598-732	16-92	87.179	117	15	0	19	135	1434943	1435059	2.13e-30	134
FA1090_opa_1/598-732	16-92	89.216	102	11	0	34	135	1090652	1090551	9.92e-29	128
FA1090_opa_1/598-732	16-579	90.196	102	10	0	34	135	570657	570556	2.13e-30	134
FA1090_opa_1/598-732	16-579	87.179	117	15	0	19	135	1258270	1258386	2.13e-30	134
FA1090_opa_1/598-732	16-579	89.216	102	11	0	34	135	1086306	1086205	9.92e-29	128
FA1090_opa_1/598-732	16-579	86.325	117	16	0	19	135	1439659	1439775	9.92e-29	128
FA1090_opa_1/598-732	15-236	90.196	102	10	0	34	135	570601	570500	2.13e-30	134
FA1090_opa_1/598-732	15-236	87.179	117	15	0	19	135	1264853	1264969	2.13e-30	134
FA1090_opa_1/598-732	15-236	89.216	102	11	0	34	135	1092708	1092607	9.92e-29	128
FA1090_opa_1/598-732	15-236	86.325	117	16	0	19	135	1438183	1438299	9.92e-29	128
FA1090_opa_1/598-732	15-215	90.196	102	10	0	34	135	570608	570507	2.13e-30	134
FA1090_opa_1/598-732	15-215	87.179	117	15	0	19	135	1264851	1264967	2.13e-30	134
FA1090_opa_1/598-732	15-215	89.216	102	11	0	34	135	1092699	1092598	9.92e-29	128
FA1090_opa_1/598-732	15-215	86.325	117	16	0	19	135	1438192	1438308	9.92e-29	128
FA1090_opa_1/598-732	15-198	90.196	102	10	0	34	135	570625	570524	2.13e-30	134
FA1090_opa_1/598-732	15-198	87.179	117	15	0	19	135	1264820	1264936	2.13e-30	134
FA1090_opa_1/598-732	15-198	89.216	102	11	0	34	135	1092669	1092568	9.92e-29	128
FA1090_opa_1/598-732	15-198	86.325	117	16	0	19	135	1438162	1438278	9.92e-29	128
FA1090_opa_1/598-732	15-123	90.196	102	10	0	34	135	570491	570390	2.13e-30	134
FA1090_opa_1/598-732	15-123	87.179	117	15	0	19	135	1257467	1257583	2.13e-30	134
FA1090_opa_1/598-732	15-123	89.216	102	11	0	34	135	1085366	1085265	9.92e-29	128
FA1090_opa_1/598-732	15-123	86.325	117	16	0	19	135	1430792	1430908	9.92e-29	128
FA1090_opa_1/598-732	14-627	90.196	102	10	0	34	135	578688	578587	2.13e-30	134
FA1090_opa_1/598-732	14-627	87.179	117	15	0	19	135	1281671	1281787	2.13e-30	134
FA1090_opa_1/598-732	14-627	87.179	117	15	0	19	135	1454998	1455114	2.13e-30	134
FA1090_opa_1/598-732	14-627	89.216	102	11	0	34	135	1101579	1101478	9.92e-29	128
FA1090_opa_1/598-732	12-208	90.196	102	10	0	34	135	569193	569092	2.13e-30	134
FA1090_opa_1/598-732	12-208	87.179	117	15	0	19	135	1431018	1431134	2.13e-30	134
FA1090_opa_1/598-732	12-208	89.216	102	11	0	34	135	1084434	1084333	9.92e-29	128
FA1090_opa_1/598-732	12-208	86.325	117	16	0	19	135	1257257	1257373	9.92e-29	128
# BLAST processed 1 queries
