strain	opaA_sv	opaA_hv1	opaA_hv2	opaB_sv	opaB_hv1	opaB_hv2	opaC_sv	opaC_hv1	opaC_hv2	opaD_sv	opaD_hv1	opaD_hv2	opaE_sv	opaE_hv1	opaE_hv2	opaF_sv	opaF_hv1	opaF_hv2	opaG_sv	opaG_hv1	opaG_hv2	opaH_sv	opaH_hv1	opaH_hv2	opaI_sv	opaI_hv1	opaI_hv2	opaJ_sv	opaJ_hv1	opaJ_hv2	opaK_sv	opaK_hv1	opaK_hv2
10231	3	2	7				3	1	5	1	2	7	2	6	8	3	2	3	1	3	4	3	6	8	1	3	4	3	1	5	3	2	7
10239	1	1	4	1	2	7	1	4	1	1	13	6	1	4	1	2	2	1	1	2	2	1	1	4	1	1	7	1	4	2	1	4	2
10268	1	6	8				3	1	5	1	2	7	2	6	8	3	2	3	1	3	4	1	3	4	3	1	5	3	1	5	3	1	5
10272	3	6	8				3	1	5	3	1	7	2	6	8	3	2	3	3	6	8	3	1	5	3	3	4	3	1	5	3	1	5
10296	3	2	1	1	7	1	1	3	4	2	2	1	3	1	7	3	4	7	2	9	5	3	12	7	4	12	1	3	3	4	3	7	1
10328	3	3	7				3	1	5	1	2	7	2	6	8	3	2	3	1	3	7	3	2	3	1	3	7	3	1	5	3	1	5
10500	3	6	3				3	1	5	1	2	7	2	6	8	1	2	3	1	2	3	3	6	8	1	3	4	1	1	5	1	2	8
10524	3	3	4				2	1	5	3	2	7	2	6	8	3	2	3	1	3	4	1	1	5	3	3	4	2	1	5	1	1	5
10529	3	6	8				3	1	5	3	2	7	2	6	8	3	2	3	1	3	4	1	3	7	1	3	4	2	1	5	1	1	5
10531	3	6	8				2	1	5	3	2	7	2	6	8	3	2	3	1	3	4	3	3	5	1	3	4	2	3	4	3	3	4
10536	3	1	7	3	8	9	3	3	4	3	7	3	3	3	7	3	3	4	2	9	5	3	3	7	2	3	4	2	1	6	3	3	7
10537	3	1	7	3	8	9	3	3	4	3	7	3	3	3	7	2	3	4	2	9	5	3	3	7	2	3	4	2	1	6	2	3	7
10538	3	1	7	3	8	9	3	3	4	3	7	3	3	3	7	2	3	4	2	9	5	3	1	7	2	2	3	2	1	6	2	3	7
10562	1	6	8				3	1	5	1	2	7	2	6	8	3	2	3	1	3	4	1	3	4	3	2	7	3	1	5	3	1	5
10574	1	6	8				3	1	5	1	2	7	2	6	8	3	2	3	1	3	4	1	3	4	3	1	5	3	1	5	1	2	3
10588	3	6	8				3	1	7	1	2	7	2	6	8	3	2	3	1	3	7	1	1	5	1	3	7	3	1	5	3	3	4
10610	3	3	4				3	1	5	3	2	7	2	6	8	3	2	3	1	3	4	3	2	3	1	3	4	3	1	7			
10638	1	1	4				3	1	5	1	2	7	2	6	8	3	2	3	1	3	7	1	6	8	1	3	7	3	1	5	3	2	3
10702	3	6	3				3	1	5	1	2	7	2	6	8	1	2	3	1	2	3	3	6	8	1	3	4	1	1	5	3	3	7
10708	1	1	4	1	13	6	1	4	1	1	13	6	1	4	1	1	4	1	1	2	2	1	1	7	1	1	7	1	4	2	1	4	2
10723	2	6	8				2	1	5	3	2	7	2	6	8	3	2	3	1	3	4	1	3	4	1	3	7	2	1	5	1	6	8
10727	1	3	7				2	6	8	1	2	7	2	6	8	1	2	3	1	3	7	1	3	4	1	3	7	3	1	5	1	3	7
10736	1	1	7	1	2	2	1	4	1	4	1	2	1	4	1	2	4	1	1	2	2	1	1	7	1	1	7	1	4	2	1	1	7
10743	1	1	2	1	2	3	1	4	1	1	1	7	1	4	7	1	2	3	1	2	6	1	1	7				1	4	2	1	2	3
10744	1	2	4	1	1	7	1	4	1	1	13	6	1	4	7	1	2	1	1	2	6	1	4	2	1	1	7	1	1	2	1	4	2
10771	3	3	4				2	1	5	3	2	7	2	6	8	3	2	3	1	3	7	3	2	3	1	3	7	1	1	5	3	1	5
10791	1	1	4				3	1	5	1	2	7	2	6	8	3	2	3	1	1	7	1	6	8				3	1	5	3	3	7
10792	3	6	8				3	1	5	1	2	7	2	6	8	3	2	3	1	3	7	3	3	4	3	1	4	3	1	5	3	3	4
10794	1	2	3				3	1	5	1	2	7	2	6	8	3	2	3	1	3	7	3	6	8	1	3	7	3	1	5	1	2	3
10795	1	1	4				3	1	5	1	2	7	2	6	8	3	2	3	1	1	7	1	6	8				3	1	5	3	3	7
1081168	1	4	9	6	21	2	1	9	5	5	3	4	1	9	5	5	3	4	2	9	5	1	8	9	4	12	1	1	8	9			
10814	1	2	3				3	1	5	1	2	7	2	6	8	3	2	3	1	3	7	3	6	8	1	3	7	3	1	5	1	3	7
10819	1	2	4	1	1	7	1	4	1	1	13	6	1	4	7	2	2	1	1	2	6	1	4	6	1	1	2	1	1	2	1	4	2
1123850	3	5	1	3	1	6	3	2	3	4	5	1				1	2	2	2	9	5	3	1	6	1	1	6	2	4	2	1	2	2
1130991	1	3	1	6	21	2	1	9	5	1	4	5	4	3	1	1	4	5	2	9	5	1	2	3	4	9	5	1	3	1	1	4	5
1145734	2	5	1	2	5	1	3	15	2	2	5	4	2	7	3	2	4	6	1	5	1	2	7	3	3	5	1	1	19	9	2	7	3
2004S05-027	2	15	2	2	4	5	3	2	3	3	5	1	1	1	6	3	1	2	2	3	4	3	5	1	1	12	1	1	4	2	3	5	1
2010C02-038	1	1	2	2	2	7	1	10	1	1	10	1	2	2	7	1	1	4	1	1	2	2	1	2	1	12	1	1	1	2	2	1	4
2014E02-242	5	1	2	2	5	1	1	9	6	2	17	6	2	5	1	2	7	1	2	3	4	2	5	1	2	17	6	2	1	2	2	5	1
2016E02-233	1	5	1	2	4	3	1	9	5	1	4	6	4	7	1	2	7	4	1	8	9	2	2	3	2	10	1	3	2	3	2	2	3
20181204	4	2	3	5	2	2	2	2	1	1	1	5	1	1	2	1	2	3	5	3	4	1	1	6	1	3	4	2	9	6	1	2	3
2018C07-301	1	1	2	2	4	5	1	18	3	2	1	2	1	2	3	2	4	5	2	2	3	2	1	2	2	2	3	1	1	2	2	4	3
2018S05-288	5	2	3	1	4	2	1	5	1	2	17	6	1	4	2	1	20	6	2	11	3	1	6	8	2	10	1	3	9	6	1	6	8
2020C08-294	1	13	6	1	2	3	1	5	3	1	1	6	5	2	3	1	2	3	2	11	3	1	1	6	2	11	3	3	9	6	5	2	3
2020N07-265	5	2	3	1	4	2	1	5	1	2	17	6	1	6	8	1	20	6	2	11	3	1	6	8	4	2	1	3	9	6	1	6	8
2020N08-318	1	1	2	2	2	3	1	18	3	2	1	2	1	2	3	2	2	3	2	9	5	1	18	3	3	2	3	2	1	2			
2020S05-258	5	2	3	1	4	2	1	2	3	2	17	6	5	2	3	1	20	6	1	1	2	1	6	8	2	10	1	2	1	4	1	4	2
2022NG-0032	1	1	2	1	2	2	1	1	2	1	2	3	2	16	2	1	2	3	2	9	5	1	2	3	2	12	1	1	1	2	2	2	2
2022NG-0076	1	4	5	4	10	1	3	15	2	3	1	2	1	4	5	1	2	3	2	4	5	3	1	2	4	10	1	4	2	7	1	4	6
25818_3#234	1	13	6	4	13	6	4	7	3	1	1	2	1	3	4	3	1	2	1	15	6	1	2	3	1	1	2	2	1	4	1	2	3
9035	3	3	6	1	6	8	3	3	4	3	7	3	3	3	4	3	3	6	2	9	5	3	3	7	2	2	3	2	1	6	3	3	4
9071	1	3	7				3	1	5	3	2	7	2	6	8	3	1	4	1	1	4	1	3	4	1	3	4	3	1	5	1	3	4
9112	1	7	1	3	3	1	1	9	5	1	1	1	3	3	7	1	9	5	2	9	5	1	1	1	4	12	1	2	1	6	1	1	1
9126	3	3	4				3	1	5	3	6	8	3	2	8	3	2	3	1	1	4	1	6	8	1	3	4	3	1	5	3	3	5
9343	1	6	8				3	1	5	1	2	7	2	6	8	3	2	3	1	3	4	1	3	4	1	3	4	3	3	5	1	6	8
9399	3	6	8				3	1	5	3	1	7	2	6	8	3	2	3	3	6	8	3	3	4	3	3	4	3	1	5	3	1	5
9431	1	1	4	1	13	6	1	4	1	1	13	6	1	4	1	2	2	1	1	2	2	2	2	7	1	1	7	1	4	2	1	13	6
9460	1	1	4	1	13	6	1	4	1	1	13	6	1	4	1	2	2	1	1	2	2	1	2	7	1	1	7	1	4	2	1	2	7
9464	1	1	4	1	13	6	1	4	1	1	13	6	1	4	1	2	2	1	1	2	2	2	2	7	1	1	7	1	4	2	1	1	7
96MB	5	2	3	1	4	2	1	5	1	2	17	6	5	2	3	1	20	6	2	11	3	1	6	8	2	11	3	3	9	6	1	6	8
AT159	1	1	5	2	16	1	1	10	1	1	18	1	1	3	4	1	9	5	1	1	2	2	16	1	2	10	1	2	16	1			
ATCC49226	3	2	3	1	8	9	1	15	2	1	8	1	2	4	2	2	4	2	2	3	4	2	4	2	1	4	6	2	3	7	2	3	7
AUNG1065	2	1	7	2	1	7	1	13	6	2	1	2	2	1	2	3	2	3	2	3	4	1	3	4				2	1	2	2	1	7
AUNG1251	5	1	2	1	4	2	2	1	5	2	17	6	5	2	3	1	20	6	2	11	3	1	20	6	2	17	6	3	9	6	1	1	2
AUNG1291	3	10	1	3	4	9	1	10	1	3	4	1	3	3	7	5	4	6	2	9	5	5	4	6	3	4	1	3	2	3	5	4	6
AUSMDU00010541	2	2	1	2	16	1	4	10	1	1	18	3	2	3	4	4	9	5	1	1	2	4	2	1	2	3	4	2	16	3	2	2	4
BJ16148	2	1	2	2	2	3	1	6	8	4	2	1	1	6	8	2	8	9	2	4	6	2	2	1	2	8	9	3	3	4	2	1	2
CCC010	2	1	5	2	5	1	2	1	5	2	17	6	1	5	1	2	7	1	2	3	4	2	5	1	1	11	3	1	19	9	2	5	1
CCC012	2	17	6	2	17	6	2	1	2	2	17	6	2	5	1	4	4	6	2	3	4	5	1	6	2	8	9	1	1	5	4	4	6
CCC013	5	1	2	2	16	2	2	1	5	2	17	6	2	5	1	2	7	1	1	3	4	1	17	1	1	11	3	4	2	7	2	16	2
CCC014	5	1	2	1	4	2	1	5	1	1	6	8	5	2	3	1	20	6	2	11	3	5	2	3	1	11	3	3	9	6	5	20	2
CCC015	5	1	2	1	4	2	1	5	1	1	6	8	5	2	3	1	20	6	2	3	4	5	2	3	1	11	3	3	9	6	5	2	3
CCC016	5	1	2	2	17	6	2	1	5	2	17	6	2	7	1	2	7	1	2	3	4	5	1	2	1	11	3	1	19	9	2	17	4
CCC017	5	1	2	1	4	2	1	5	1	1	6	8	5	2	3	1	20	6	1	11	3	5	2	3	1	11	3	3	9	6	1	20	6
CCC020	1	15	6	2	5	1	3	1	6	2	1	6	1	7	1	2	1	4	1	1	2	2	1	4	1	1	2	2	1	4	2	1	4
CCC028	2	4	5	2	4	5	3	15	2	1	4	5	1	4	5	1	2	3	2	4	5	1	8	9	4	10	1	4	4	7			
CCC033	4	8	9	1	4	6	2	1	5	2	17	6	2	5	1	2	7	1	1	3	4	1	17	1	1	11	3	4	8	9	1	4	6
CCC048	2	2	2	1	13	6	1	2	3	1	2	4	2	5	1	1	16	2	1	8	2	1	2	3	1	8	2	1	2	3	1	16	3
CT213	2	1	2	2	1	2	2	1	2	1	3	4	2	5	1	1	1	2	1	3	4	2	5	1	1	5	1	2	1	2	1	1	2
CT530	5	1	2	2	16	2	2	1	5	2	7	1	2	5	1	2	7	1	2	3	4	1	17	1	1	11	3	4	2	7	2	1	5
CT532	5	1	2	2	7	1	1	2	3	2	7	1	2	7	1	2	1	2	1	8	9	2	1	2	1	5	1	4	2	7	2	1	2
CT602	5	1	2	2	7	1	2	1	5	5	17	6	2	5	1	2	7	1	1	8	9	2	7	1	1	8	9	2	1	5	2	7	1
DDD001	1	4	9	1	4	2	1	5	1	1	17	6	5	2	3	1	20	6	2	11	3	1	2	3	2	11	3	3	9	6	1	6	8
DDD029	2	5	1	2	2	3	1	5	1	2	2	4	5	2	1	3	7	6	3	16	2	3	12	1				3	9	6	2	2	4
DDD031	5	1	2	2	7	1	2	1	5	2	17	6	2	5	1	2	7	1	1	1	2	2	5	1	1	11	3	3	9	6	2	7	1
DDD034	2	5	1	2	2	3	1	5	1	2	2	4	5	2	1	3	7	6	3	16	2	3	12	1				3	9	6	2	2	4
DDD038	2	5	1	2	2	3	1	5	1	2	2	4	2	7	1	3	7	6	3	16	2	3	12	1				3	9	6	2	2	4
DDD046	4	2	3	2	16	2	2	13	6	4	2	3	2	4	6	2	13	6	2	3	4	2	16	2	2	3	4	2	4	6	2	16	2
EEE004	4	2	1	1	2	7	1	6	8	4	2	1	1	6	8	1	8	9	2	4	6	1	2	7	2	5	1	1	1	2	1	2	7
EEE013	1	8	9	1	5	1	1	2	3	1	2	4	3	2	1	5	1	6	1	8	9	1	2	3	1	11	3	1	2	3	1	8	9
EEE014	5	2	3	1	4	2	1	5	1	1	13	6	5	2	3	1	20	6	2	11	3	3	2	1	3	1	6	3	9	6	3	2	1
EEE015	2	5	1	2	7	3	3	5	1	2	5	4	2	19	4	1	7	3	2	7	3	1	5	6	3	5	1	1	19	9	1	5	6
EEE016	1	5	1	2	4	3	1	9	5	1	4	2	4	7	1	1	1	6	2	4	2	1	5	1	3	10	1	3	2	3	1	5	1
EEE018	1	4	6	1	3	4	2	3	4	2	3	4	2	3	4	1	6	8	2	8	9	3	2	1	4	8	9	1	4	6	3	2	1
EEE019	1	1	2	1	1	2	4	7	3	5	2	1	5	2	1	3	4	2	1	9	5	5	4	2	1	1	2	1	7	3	1	4	2
EEE020	2	3	4	1	18	3	1	5	1	1	18	3	1	2	3	3	1	5	1	8	9	1	2	3	3	5	1	4	9	6	3	1	5
EEE021	1	3	4	1	16	1	1	6	8	1	2	3	2	3	4	2	3	4	1	8	9	1	1	1	4	12	1	1	2	3	2	3	4
EEE023	2	5	1	2	7	1	2	3	4	2	3	4	2	3	4	1	6	8	1	4	6	4	12	1	4	12	1	1	1	2	4	12	1
EEE026	1	7	1	2	5	1	1	7	1	2	4	5	1	2	4	1	2	3	1	1	2	3	2	1	2	4	6	2	4	5			
EEE029	1	7	1	2	2	4	1	7	1	2	3	4	1	2	4	2	3	4	2	2	1	2	1	5	1	2	1	2	4	6	2	3	4
EEE030	1	4	6	1	6	8	2	3	4	2	3	4	2	3	4	1	6	8	2	8	9	2	3	4	1	12	1	3	9	6	1	9	6
EEE034	1	4	5	1	13	6	1	15	2	3	2	1	2	2	7	2	7	1	2	2	3	3	4	5	2	2	1	3	2	1	1	7	1
EEE035	1	11	3	4	2	3	4	3	7	2	2	7	4	3	7	4	3	4	4	3	4	4	2	3	4	3	4	1	1	2	4	2	3
EEE037	1	1	2	2	1	2	1	18	3	2	1	2	3	2	3	2	4	5	2	9	5	2	4	2	3	2	3	1	1	5	2	2	3
FA1090	1	8	6	3	5	7	1	11	3	2	5	1	1	8	1	1	1	5	2	3	4	3	3	7	1	11	3	2	1	5	3	5	7
FA19	3	2	3				2	5	1	3	2	3	3	2	3	3	1	2	1	2	3	5	1	6	3	2	3	2	15	6			
FA6140	5	2	1	3	5	2	4	2	3	4	2	1	4	4	2	5	4	9	2	3	4	1	11	3				1	1	2			
FDAARGOS_204	1	16	2	1	2	1	3	2	1	5	2	1	1	5	1	3	2	1	1	1	6	1	1	6	1	5	1	1	4	6	3	2	1
FDAARGOS_205	1	3	4	3	10	1	2	2	3	2	3	2	1	6	8	2	7	1	2	3	4	2	3	4	1	12	1	2	2	7	3	3	4
FDAARGOS_207	5	5	1	5	1	2	2	5	1	5	3	4	2	1	2	2	5	1	1	4	2	5	3	4	3	2	1	1	4	2	5	3	4
FFF004	2	5	1	2	7	3	3	5	1	1	4	6	2	7	3	1	5	6	1	4	2	1	5	6	3	5	1	1	19	9	1	5	6
FFF005	2	5	1	2	7	3	1	15	2	2	3	4	1	7	3	2	5	6	1	4	6	2	5	6	2	3	4	1	19	9	2	5	6
FFF007	1	10	1	1	10	1	1	10	1	3	2	1	1	6	8	1	13	6	1	1	4	2	2	3	2	2	3	2	1	4	2	1	4
FFF012	1	2	3	1	6	8	2	10	1	1	2	3	4	4	6	3	4	6	2	8	9	2	1	6	2	10	1	1	1	2	3	2	3
FFF017	1	1	2	1	2	1	4	3	7	1	1	1	1	1	2	1	11	3	1	11	3	1	1	2	2	5	1	2	1	2	1	1	2
FFF024	1	10	1	5	1	2	1	10	1	2	3	4	1	6	8	2	1	5	2	3	4	2	3	4	1	4	5	1	1	6	5	1	2
FFF026	1	14	1	1	7	1	2	10	1	3	1	6	1	14	1	1	14	4	2	9	5	1	1	6	4	12	1	2	1	6	1	1	6
FFF038	1	1	7	1	2	7	2	1	5	1	6	8	1	2	1	1	1	5	2	1	4	1	1	6	1	1	8	4	1	7	1	1	5
FFF044	5	2	1	1	2	2	3	5	1	1	1	6	1	6	8	2	2	4	3	5	1	1	6	8	3	5	1	2	1	6	2	2	2
FFF047	5	1	3				1	2	2	1	1	2	2	2	1	5	2	3	3	1	3	3	3	4	1	2	2	1	19	9	3	3	4
FQ01	1	1	2	1	6	8	1	20	6	1	6	1	1	6	1	1	10	1	2	14	9	1	2	1	1	10	1	2	3	4	1	2	1
FQ02	2	4	5	1	1	5	3	15	2	1	4	5	1	4	5	1	2	3	2	4	5	1	15	2	4	10	1	4	2	7	1	1	5
FQ04	2	3	6	2	3	4	1	10	1	2	3	4	1	6	8	2	4	5	2	3	4	1	10	1	1	4	5	1	1	5	2	3	4
FQ20	3	14	4	1	5	1	1	15	2	1	5	1	3	6	8	3	1	3	2	14	9	1	14	1	2	14	9	2	1	6	2	14	9
FQ35	3	14	4	1	5	1	1	15	2	1	5	1	3	6	8	3	1	3	2	14	9	1	14	1	2	14	9	2	1	6	2	14	9
FQ36	1	5	1	2	2	3	2	18	3	1	4	2	1	5	1	4	9	6	1	1	2	1	4	2	4	12	1	1	1	2	2	2	1
FQ48	1	2	3	6	21	2	1	1	4	1	4	5	4	12	1	1	1	4	2	9	5	1	2	3	1	7	1	1	8	9			
FQ82	2	3	6	1	3	4	1	6	8	2	3	4	1	6	8	1	4	5	2	3	4	1	10	1	1	4	5	1	1	6	1	10	1
FQ84	2	3	6	1	3	4	1	5	1	2	3	4	1	6	8	1	4	5	2	3	4	1	10	1	1	4	5	1	1	6	1	4	5
GCGS0245	2	5	1	2	19	7	1	15	2	2	19	7	2	2	7	1	5	1	2	19	7	1	5	7				2	5	1	3	2	1
GCGS0276	1	1	5	1	19	9	1	10	1	1	4	5	1	4	5	2	2	3	2	4	5	2	10	1	2	10	1	4	2	7	1	19	9
GCGS0306	1	4	5	2	2	7	1	9	5	1	11	5	1	4	7	1	10	1	1	4	5	1	2	1	1	10	1	1	19	9	1	2	1
GCGS0313	3	2	1	3	4	7	3	15	2	3	2	1	3	2	1	3	7	2	3	1	3	3	2	7	1	1	3	3	1	6	3	2	2
GCGS0339	1	1	2	1	10	5	1	15	2	4	8	9	4	2	7	3	4	5	2	9	5	3	4	5	4	10	1	1	1	4	3	4	5
GCGS0373	5	7	2				1	2	3	5	2	3	5	1	6	5	7	2	2	9	5	5	7	2	1	10	3	2	1	4	5	2	3
GCGS0423	3	5	1	5	2	3	2	5	1	5	2	3	2	5	1	2	2	3	3	1	2	3	1	2	1	5	1	2	19	9	2	5	1
GCGS0431	3	1	6	3	1	6	1	8	9	2	1	6	3	1	6	1	7	1	2	2	7	3	2	7	1	1	7	1	1	2	3	2	7
GCGS0457	2	1	2	2	2	3	1	18	3	2	18	3	2	1	4	2	1	2	1	2	2	2	2	3	1	2	2	1	19	2	2	1	2
GCGS0769	3	19	7	3	4	6	1	1	6	3	2	7	2	2	1	2	2	3	2	1	3	4	4	9	3	4	5	3	19	9	4	2	7
GCGS0834	5	3	4				1	9	5	1	4	5	4	12	1	5	3	4	2	9	5	1	8	9	4	12	1	1	8	9			
GCGS0864	5	3	4	6	21	2	1	9	5	1	3	4	4	12	1	5	7	1	2	9	5	1	2	3	4	12	1	1	2	3			
GCGS1013	2	1	5	2	1	2	1	18	3	2	1	2	2	1	4	2	7	1	2	9	2	2	1	2	1	2	2	1	2	2	2	1	4
GCGS1014	2	1	5	2	1	6	1	2	3	2	1	2	2	1	4	2	1	2	1	2	2	2	1	6	1	2	2	3	2	7	2	1	6
GCGS1095	2	1	5	2	1	4	1	18	3	2	1	2	2	1	4	2	1	2	1	2	2	2	1	6	1	2	2	3	2	7	2	2	2
GGG022	4	8	9	4	2	3	1	6	8	4	2	1	2	2	7	2	1	4	1	1	2	2	1	7	3	2	1	1	1	2	1	1	3
GGG031	2	2	1	5	1	2	5	5	1	5	1	2	2	6	8	2	2	3	1	2	2	1	5	1	2	5	1	2	1	6	1	5	1
H035	1	1	2	1	4	2	1	18	3	1	1	2	1	2	3	1	4	5	2	9	5	1	4	5	3	2	3	2	4	2	1	1	5
HHH023	1	13	6	1	13	6	4	7	3	1	2	2	1	2	3	1	2	2	1	13	6	3	1	6	1	13	6	2	1	4	1	2	2
HHH030	3	4	6	3	4	6	2	3	4	2	3	4	2	3	4	2	3	4	1	1	2	2	3	4	1	1	2	1	2	3			
HHH042	2	16	2	2	10	1	1	6	8	1	4	5	4	3	4	2	10	1	1	11	3	2	4	2	4	10	1	2	1	2	2	10	1
JJJ010	1	8	9	1	8	9	3	2	1	4	2	1	1	2	4	1	8	9	1	2	2	4	8	1	3	2	3	1	5	1	1	8	9
JJJ020	1	10	1	1	4	5	2	3	4	2	1	4	2	1	4	1	1	2	2	3	4	2	4	7	1	1	2	2	4	2	1	4	7
JJJ025	1	7	3	1	13	3	5	2	3	5	2	1	5	2	1	3	7	1	1	1	2	1	12	1	3	12	1	1	2	3	1	12	1
NCTC8375	3	5	2				1	5	1	2	1	7	1	1	2	1	5	1	2	5	1	1	5	1	1	12	1	1	1	2	1	5	1
NG196	1	1	2	1	1	4	1	1	6	1	4	6	1	5	1	4	1	1	1	4	6	4	1	1	4	5	1	1	8	9			
NG250	2	3	2	1	1	2	2	1	2	1	4	2	2	5	1	2	1	2	1	11	3	1	1	2	1	11	3	1	1	2	1	1	2
NG251	1	4	2	1	5	1	1	1	6	1	1	2	4	1	1	1	1	5	1	4	2	4	1	1	4	5	1	1	8	9	4	1	1
NG290	1	1	5	1	5	1	1	1	6	4	1	6	4	1	1	1	1	5	1	8	9	1	1	1	4	5	1	1	8	9			
Ng_118	1	1	2	1	13	6	4	2	3	5	2	1	5	2	1	5	2	1	1	1	2	1	2	1	4	2	3	1	1	6	4	2	1
Ng_188	2	1	2	1	1	2	1	15	2	1	1	2	2	5	1	1	15	2	1	11	3	2	5	1	1	3	7	1	1	2	2	5	1
RIVM0610	1	7	1	6	21	2	1	9	5	1	4	5	4	12	1	5	3	4	2	9	5	1	2	3	4	12	1	1	8	9			
RIVM0640	5	3	4	6	21	2	1	9	5	1	4	5	4	12	1	5	3	4	2	9	5	1	8	9	4	12	1	1	8	9			
SAMEA116302675	2	1	4	1	1	2	3	1	6	2	1	2	1	13	6	1	1	6	1	15	6	1	1	6	1	1	2	2	1	4	1	1	6
SAMEA116302676	2	1	4	1	1	2	3	1	6	2	1	2	1	13	6	1	1	6	1	15	6	1	1	6	1	1	2	2	1	4	1	1	6
SE690	2	2	1	5	4	5	1	9	6	1	1	5	2	1	5	1	1	2	1	8	9	1	3	4	1	3	4	1	9	6	2	3	5
SRR5827236	1	1	2	2	1	2	1	9	5	2	1	1	2	1	2	2	1	2	1	1	2	1	1	7	1	2	3	1	9	5	1	1	2
SRR5827322	2	4	5	2	1	5	3	15	2	2	1	5	1	4	5	1	8	9	2	4	5	1	8	9	4	10	1	4	2	7	2	1	5
SRRSH203	3	8	9	2	2	3	1	6	8	4	2	1	1	6	8	1	2	1	2	4	6	1	6	8	2	8	9	3	3	4	1	6	8
SRRSH204	3	8	9	2	2	3	1	6	8	4	2	1	1	6	8	1	2	1	2	4	6	1	6	8	2	8	9	3	3	4	1	2	1
SRRSH205	3	8	9	2	2	3	1	6	8	4	2	1	1	6	8	1	2	1	2	4	6	1	6	8	2	8	9	3	3	4	1	6	8
SRRSH207	3	4	5	2	2	3	1	6	8	4	2	1	1	6	8	3	4	6	2	8	9	3	2	1	2	8	9	3	3	4	4	6	8
SRRSH214	3	8	9	2	2	3	1	6	8	4	2	1	1	6	8	1	2	1	2	4	6	1	6	8	2	8	9	3	3	4	4	2	1
SRRSH229	3	8	9	2	2	3	1	6	8	4	2	1	1	6	8	1	2	1	2	4	6	1	6	8	2	8	9	3	3	4	1	6	8
SRRSH240	3	4	5	2	2	3	1	6	8	4	2	1	1	6	8	3	4	6	2	8	9	3	2	1	2	8	9	3	3	4	4	6	8
SS3160	4	2	1	2	5	1	1	6	8	4	2	1	1	6	8	2	8	9	2	4	6	2	5	1	2	5	1	1	1	2	2	2	1
TFG-A2	1	5	1	1	2	3	1	9	6	1	1	2	1	12	1	1	1	2	1	1	2	1	1	2	4	12	1	1	1	2	1	12	1
TFG-B2	1	5	1	2	2	3	1	9	6	1	1	2	1	1	2	1	1	2	1	1	2	1	9	6	1	12	1	1	1	2	1	9	6
TH1713	2	1	6	2	1	9	2	1	5	5	7	1	1	7	1	5	10	1	2	1	5	5	1	6	2	10	1	2	1	5	5	10	1
TH2288	2	1	6	2	1	9	2	1	5	5	7	1	1	7	1	5	10	1	2	1	5	5	1	6	2	10	1	2	1	5	5	10	1
TUM15748	2	1	2	2	1	7	1	13	6	2	1	2	2	1	2	3	2	3	2	3	4	2	3	4				2	1	2	2	1	2
TUM16691	1	1	2	1	4	2	1	18	3	1	4	5	1	2	3	1	4	2	2	9	5	1	1	5	3	2	3	2	4	2	1	1	5
UMASS-DGI_1	1	3	5	1	6	8	1	10	1	1	19	9	1	6	8	3	2	3	2	14	9	1	5	1	1	12	1	2	3	4	1	10	1
UMASS-DGI_26	1	11	3	2	14	1	3	14	9	1	2	7	2	2	1	1	5	1	2	14	2	1	11	3	2	14	2	1	1	6			
UMASS-DGI_36	3	2	3				3	6	8	1	2	7	3	6	8	3	2	3	2	3	4	3	2	3	1	10	3	1	1	5	2	3	4
UMASS-DGI_40	1	2	3				3	14	9	1	2	7	2	6	8	3	2	3	2	3	4	1	10	3	1	10	3	2	1	5	1	10	3
UMASS-DGI_46	1	16	2	3	16	2	1	5	1	1	2	2	1	13	3	1	13	2	2	4	2	1	13	3	1	4	2	1	19	9	1	13	3
UMASS-DGI_5	1	4	2	1	4	2	3	2	3	1	1	2	1	1	6	3	5	1	1	5	1	1	5	1	3	2	1	1	1	6	1	1	6
UMASS-DGI_54	1	4	2	1	4	2	3	2	3	1	1	2	1	1	6	3	5	1	1	5	1	1	1	2	3	2	1	1	1	6	1	1	2
UMASS-DGI_65	1	5	1	2	5	1	3	14	9	1	5	7	2	2	1	1	5	1	2	14	2	1	11	3	2	14	2	1	1	6			
UMASS-DGI_9	1	5	1	1	8	9	1	5	1	2	5	1	2	4	2	2	1	4	2	9	5	2	9	5	2	5	1	2	5	1	2	9	5
WHO_A_2024	1	14	3	1	14	9	1	8	9	1	2	1	3	1	6	1	2	1	1	5	1	1	2	3	1	5	1	1	2	1	1	14	3
WHO_B_2024	3	10	1				3	5	1	1	8	3	1	6	8	1	8	9	2	9	5	1	2	3	1	5	1	1	1	5	3	8	9
WHO_C_2024	1	8	2	1	8	9	1	15	2	5	2	3	1	5	1	2	5	1	2	3	4	1	5	1	1	5	1	2	5	1	1	5	1
WHO_D_2024	5	2	3	5	1	2	1	1	6	1	1	2	1	2	4	1	16	2	1	1	2	1	16	2	1	12	1	2	3	4	1	1	2
WHO_E_2024	2	20	3	1	4	6	1	15	2	5	2	2	1	2	4	1	2	7	2	3	7	5	1	6	2	3	7	2	3	4	1	2	4
WHO_F_2024	3	1	2	3	2	1	1	5	1	2	1	6	1	2	1	1	2	1	1	2	1	1	2	1	2	2	1	2	1	6	2	1	2
WHO_G_2024	4	4	5	5	3	2	2	20	6	5	2	3	2	1	4	5	2	3	2	1	2	4	4	2	4	12	1	1	1	2	4	4	2
WHO_H_2024	1	7	1	6	21	2	1	9	5	1	4	5	4	3	4	4	3	4	2	9	5	1	2	3	4	9	5	1	8	9	4	3	4
WHO_I_2024	1	5	1	1	2	1	1	5	1	4	2	1	1	7	1	1	7	1	2	9	5	2	3	4				1	1	2	1	7	1
WHO_J_2024	2	1	6	2	7	1	1	18	3	1	1	5	1	12	1	2	7	1	2	3	4	1	1	5	1	2	1	4	2	7	1	1	5
WHO_K_2024	1	1	2	1	4	2	1	18	3	1	1	2	1	2	3	1	4	2	2	9	5	1	18	5	3	2	3	1	8	9	1	4	2
WHO_L_2024	2	1	2	4	2	3	4	2	3	4	2	3	4	4	2	1	2	1	2	1	4	1	2	1	4	11	3	2	1	4	1	2	1
WHO_M_2024	5	2	1	2	2	1	1	1	5	1	4	2	2	2	7	1	4	5	2	4	5	2	4	8	2	10	1	4	2	7	2	4	2
WHO_N_2024	1	1	2	1	1	4	2	20	6	1	1	4	2	1	4	1	13	6	1	1	2	1	5	2	1	5	1	1	1	2	1	5	2
WHO_O_2024	2	3	4	2	7	3	1	5	1	1	1	2	1	2	4	1	16	2	1	2	2	1	1	4	1	10	1	3	2	3	1	1	4
WHO_P_2024	1	1	5	1	4	5	1	10	1	1	4	5	1	4	5	2	2	3	2	4	5	2	10	1	2	10	1	4	2	7	2	10	3
WHO_Q_2024	1	18	1	1	2	7	1	10	1	1	18	3	2	3	4	1	9	5	1	1	2	1	1	4	2	10	1	2	16	3	2	10	1
WHO_R_2024	2	1	2	2	2	3	1	6	8	4	2	1	1	3	7	2	8	9	2	4	6	2	2	3	2	8	9	3	3	4	2	8	9
WHO_S2_2024	2	4	5	1	1	5	3	15	2	1	1	5	1	4	5	1	2	3	2	4	5	1	8	9	4	10	1	4	2	7	1	8	9
WHO_S_2024	1	14	1	1	14	9	3	2	1	5	2	3	1	1	2	1	15	2	1	1	6	1	15	2	2	3	4	2	3	4	1	14	9
WHO_T_2024	1	1	3	1	2	3	1	2	3	1	1	2	1	2	3	1	1	2	1	4	2	1	1	2	1	1	2	1	19	9	1	1	2
WHO_U_2024	2	6	8	4	6	8	2	4	2	4	13	6	4	2	7	1	2	2	2	10	1	4	6	8	2	10	1	4	2	7	2	6	8
WHO_V_2024	1	5	1	2	4	3	1	9	5	1	1	6	1	7	1	1	1	6	2	4	2	1	2	3	4	12	1	3	2	3	1	2	3
WHO_W_2024	1	1	2	1	1	2	1	2	3	1	1	2	1	2	3	1	1	5	2	9	5	1	1	5	3	2	1	2	4	2	1	2	3
WHO_X_2024	1	1	2	2	4	2	1	18	3	1	1	2	1	2	3	1	4	5	2	9	5	1	2	3	3	2	3	1	4	5	1	2	3
WHO_Y_2024	1	7	1	6	21	2	1	9	5	1	4	5	4	3	4	4	3	4	2	9	5	1	8	9	4	12	1	1	8	9			
WHO_Z_2024	1	1	2	1	2	3	1	18	3	1	1	2	3	2	3	1	1	5	2	9	5	1	10	1	3	2	3	1	1	5	1	10	1
WHO_alpha_2024	1	7	1	1	11	3	1	9	5	1	1	2	1	7	3	5	7	3	2	9	5	5	11	2	1	11	3	2	8	9	1	11	3
WHO_beta_2024	3	2	2	3	1	6	4	7	3	3	1	6	1	3	4	1	2	2	1	15	6	3	2	2	1	1	2	2	1	4	1	3	4
